error_threshold = 0.5, num_runs : 100
prediction_horizon : 2.2038165393438183, median : 2.0833448584014724
ph_min : 0.8152219011136196, ph_max : 4.438430350507485
stddev : 0.8076438641545011, IQR : 1.177542746053006
1st quartile : 1.5398635909923928, 3rd quartile : 2.7174063370453987