error_threshold = 0.5
prediction_horizon : 1.249101112928535, median : 0.9058021123484662
ph_min : 0.18116042246969324, ph_max : 4.891331406681718
stddev : 0.9922808918106152, IQR : 1.3587031685226993
1st quartile : 0.4529010561742331, 3rd quartile : 1.8116042246969324