error_threshold = 0.5
prediction_horizon : 1.828814464831553, median : 1.6304438022272392
ph_min : 0.5434812674090799, ph_max : 4.981911617916564
stddev : 0.9159531693038037, IQR : 0.9058021123484663
1st quartile : 1.1775427460530061, 3rd quartile : 2.0833448584014724