error_threshold = 0.5
prediction_horizon : 3.1250172876022075, median : 3.0797271819847856
ph_min : 0.0, ph_max : 5.706553307795338
stddev : 1.103555482916322, IQR : 1.4492833797575462
1st quartile : 2.3550854921060123, 3rd quartile : 3.8043688718635584