error_threshold = 0.5
prediction_horizon : 3.126828891826906, median : 3.1703073932196317
ph_min : 0.6340614786439264, ph_max : 4.981911617916564
stddev : 1.097440472877849, IQR : 1.630443802227239
1st quartile : 2.2645052808711656, 3rd quartile : 3.8949490830984046