error_threshold = 0.5
prediction_horizon : 2.927552427110243, median : 2.7174063370453987
ph_min : 0.6340614786439264, ph_max : 4.981911617916564
stddev : 1.140654844941743, IQR : 1.8116042246969326
1st quartile : 1.9927646471666258, 3rd quartile : 3.8043688718635584