error_threshold = 0.5
prediction_horizon : 1.6784513141817081, median : 1.5398635909923928
ph_min : 0.27174063370453994, ph_max : 5.615973096560491
stddev : 0.6945151678662408, IQR : 0.6340614786439265
1st quartile : 1.2681229572878527, 3rd quartile : 1.9021844359317792