error_threshold = 0.5
prediction_horizon : 1.3433045326127757, median : 0.9963823235833129
ph_min : 0.18116042246969324, ph_max : 5.615973096560491
stddev : 1.0220767759317615, IQR : 1.2681229572878525
1st quartile : 0.5434812674090799, 3rd quartile : 1.8116042246969324