error_threshold = 0.5, num_runs : 100
prediction_horizon : 1.2210212474457327, median : 0.9963823235833129
ph_min : 0.18116042246969324, ph_max : 4.076109505568098
stddev : 0.8867131861330525, IQR : 0.9963823235833129
1st quartile : 0.5434812674090799, 3rd quartile : 1.5398635909923928