error_threshold = 0.5, num_runs : 100
prediction_horizon : 1.5996465304073917, median : 1.449283379757546
ph_min : 0.5434812674090799, ph_max : 4.076109505568098
stddev : 0.6782298790676696, IQR : 0.8152219011136195
1st quartile : 1.0869625348181597, 3rd quartile : 1.9021844359317792