error_threshold = 0.5
prediction_horizon : 2.888602936279259, median : 2.8079865482802453
ph_min : 0.0, ph_max : 7.971058588666503
stddev : 1.1522497154018674, IQR : 1.2681229572878525
1st quartile : 2.1739250696363195, 3rd quartile : 3.442048026924172