error_threshold = 0.5, num_runs : 100
prediction_horizon : 3.1023722347934966, median : 2.8079865482802453
ph_min : 0.724641689878773, ph_max : 8.786280489780124
stddev : 1.2003416044595663, IQR : 1.5398635909923923
1st quartile : 2.1739250696363195, 3rd quartile : 3.713788660628712