error_threshold = 0.5
prediction_horizon : 2.2654110829835137, median : 2.1739250696363195
ph_min : 0.0, ph_max : 4.981911617916564
stddev : 0.8270618136145906, IQR : 1.1775427460530061
1st quartile : 1.6304438022272392, 3rd quartile : 2.8079865482802453