error_threshold = 0.5, num_runs : 100
prediction_horizon : 2.747297806752899, median : 2.6268261258105525
ph_min : 0.724641689878773, ph_max : 6.068874152734724
stddev : 0.9288827317108446, IQR : 1.177542746053006
1st quartile : 2.0833448584014724, 3rd quartile : 3.2608876044544783