error_threshold = 0.5
prediction_horizon : 2.358708700555406, median : 2.1739250696363195
ph_min : 0.3623208449393865, ph_max : 4.619590772977178
stddev : 0.8749241960445686, IQR : 1.1775427460530061
1st quartile : 1.6304438022272392, 3rd quartile : 2.8079865482802453