error_threshold = 0.5
prediction_horizon : 0.8983402063635588, median : 0.8534684557362154
ph_min : 0.3879402071528252, ph_max : 1.7198682517108583
stddev : 0.28392143801779507, IQR : 0.36207752667597004
1st quartile : 0.6853610326366578, 3rd quartile : 1.0474385593126279