error_threshold = 0.5
prediction_horizon : 1.0544214830413785, median : 1.0086445385973455
ph_min : 0.4267342278681077, ph_max : 2.250053201486386
stddev : 0.3714533729691781, IQR : 0.5043222692986726
1st quartile : 0.7629490740672229, 3rd quartile : 1.2672713433658955