error_threshold = 0.5
prediction_horizon : 0.8176486432757712, median : 0.7888117545440779
ph_min : 0.4008715473912527, ph_max : 1.5517608286113007
stddev : 0.2302131241358735, IQR : 0.3103521657222602
1st quartile : 0.6465670119213752, 3rd quartile : 0.9569191776436354