error_threshold = 0.5
prediction_horizon : 2.929364031334941, median : 2.989146970749939
ph_min : 0.3623208449393865, ph_max : 4.981911617916564
stddev : 1.2711744270541057, IQR : 1.721024013462086
1st quartile : 1.9927646471666258, 3rd quartile : 3.713788660628712