error_threshold = 0.5, num_runs : 100
prediction_horizon : 1.9963878556160197, median : 1.8116042246969324
ph_min : 0.4529010561742331, ph_max : 5.978293941499878
stddev : 1.0773273860827002, IQR : 1.4492833797575457
1st quartile : 1.0869625348181597, 3rd quartile : 2.5362459145757055