error_threshold = 0.5, num_runs : 100
prediction_horizon : 2.6693988250909295, median : 2.6268261258105525
ph_min : 0.6340614786439264, ph_max : 5.434812674090797
stddev : 1.1109621365789992, IQR : 1.5398635909923928
1st quartile : 1.9021844359317792, 3rd quartile : 3.442048026924172