error_threshold = 0.5, num_runs : 100
prediction_horizon : 2.7472978067528984, median : 2.6268261258105525
ph_min : 0.4529010561742331, ph_max : 7.699317954961963
stddev : 1.2180297125284993, IQR : 1.177542746053006
1st quartile : 1.9927646471666258, 3rd quartile : 3.1703073932196317