error_threshold = 0.5, num_runs : 100
prediction_horizon : 3.460164069171142, median : 3.2608876044544783
ph_min : 0.5434812674090799, ph_max : 7.51815753249227
stddev : 1.4904229914484632, IQR : 1.9927646471666258
1st quartile : 2.445665703340859, 3rd quartile : 4.438430350507485