error_threshold = 0.5, num_runs : 100
prediction_horizon : 2.8822623214928194, median : 2.7174063370453987
ph_min : 0.4529010561742331, ph_max : 8.152219011136197
stddev : 1.2982631352905285, IQR : 1.4492833797575462
1st quartile : 2.0833448584014724, 3rd quartile : 3.5326282381590186