error_threshold = 0.5, num_runs : 100
prediction_horizon : 2.750015213089944, median : 2.7174063370453987
ph_min : 0.6340614786439264, ph_max : 6.884096053848344
stddev : 1.147799612408963, IQR : 1.3587031685226996
1st quartile : 2.0833448584014724, 3rd quartile : 3.442048026924172