error_threshold = 0.5
prediction_horizon : 2.7445804004158534, median : 2.7174063370453987
ph_min : 0.3623208449393865, ph_max : 4.981911617916564
stddev : 1.1184730633907856, IQR : 1.4492833797575462
1st quartile : 1.9927646471666258, 3rd quartile : 3.442048026924172