error_threshold = 0.5, num_runs : 100
prediction_horizon : 3.6259258557309106, median : 3.2608876044544783
ph_min : 0.4529010561742331, ph_max : 9.239181545954356
stddev : 1.6006041064493932, IQR : 2.0833448584014724
1st quartile : 2.445665703340859, 3rd quartile : 4.529010561742331