error_threshold = 0.5, num_runs : 100
prediction_horizon : 1.9692137922455657, median : 1.9021844359317792
ph_min : 0.4529010561742331, ph_max : 5.1630720403862576
stddev : 0.996433376576255, IQR : 1.3587031685226991
1st quartile : 1.0869625348181597, 3rd quartile : 2.445665703340859