error_threshold = 0.5, num_runs : 100
prediction_horizon : 2.0634172119298064, median : 1.9021844359317792
ph_min : 0.27174063370453994, ph_max : 6.702935631378651
stddev : 1.1642697069117052, IQR : 1.3587031685226993
1st quartile : 1.3587031685226993, 3rd quartile : 2.7174063370453987