error_threshold = 0.5, num_runs : 100
prediction_horizon : 2.066134618266852, median : 1.9021844359317792
ph_min : 0.27174063370453994, ph_max : 6.068874152734724
stddev : 1.1591927992758666, IQR : 1.449283379757546
1st quartile : 1.3587031685226993, 3rd quartile : 2.8079865482802453