error_threshold = 0.5, num_runs : 100
prediction_horizon : 2.000916866177762, median : 1.8116042246969324
ph_min : 0.4529010561742331, ph_max : 6.702935631378651
stddev : 1.115210891781772, IQR : 1.4492833797575457
1st quartile : 1.0869625348181597, 3rd quartile : 2.5362459145757055