error_threshold = 0.5
prediction_horizon : 2.6693988250909304, median : 2.6268261258105525
ph_min : 0.5434812674090799, ph_max : 4.981911617916564
stddev : 1.1300007509654106, IQR : 1.539863590992393
1st quartile : 1.8116042246969324, 3rd quartile : 3.3514678156893254