error_threshold = 0.5, num_runs : 100
prediction_horizon : 1.9492861457738997, median : 1.8116042246969324
ph_min : 0.3623208449393865, ph_max : 5.525392885325645
stddev : 1.0690368475900334, IQR : 1.4492833797575464
1st quartile : 1.1775427460530061, 3rd quartile : 2.6268261258105525