error_threshold = 0.5, num_runs : 100
prediction_horizon : 2.087873868963215, median : 1.9021844359317792
ph_min : 0.27174063370453994, ph_max : 7.608737743727117
stddev : 1.2557942613639252, IQR : 1.6304438022272392
1st quartile : 1.1775427460530061, 3rd quartile : 2.8079865482802453