error_threshold = 0.5, num_runs : 100
prediction_horizon : 2.6050868751141887, median : 2.445665703340859
ph_min : 0.3623208449393865, ph_max : 5.706553307795338
stddev : 1.0493333368465407, IQR : 1.2681229572878525
1st quartile : 1.9021844359317792, 3rd quartile : 3.1703073932196317