error_threshold = 0.5, num_runs : 100
prediction_horizon : 2.3722957322406333, median : 2.2645052808711656
ph_min : 0.3623208449393865, ph_max : 4.981911617916564
stddev : 0.8725554652883429, IQR : 0.9058021123484661
1st quartile : 1.9021844359317792, 3rd quartile : 2.8079865482802453