error_threshold = 0.5, num_runs : 100
prediction_horizon : 2.7201237433824446, median : 2.5362459145757055
ph_min : 0.6340614786439264, ph_max : 7.065256476318037
stddev : 1.2853746887452526, IQR : 1.8116042246969326
1st quartile : 1.721024013462086, 3rd quartile : 3.5326282381590186