error_threshold = 0.5, num_runs : 100
prediction_horizon : 2.4357018801050256, median : 2.3550854921060123
ph_min : 0.4529010561742331, ph_max : 6.612355420143804
stddev : 1.0572612121197322, IQR : 0.9963823235833129
1st quartile : 1.8116042246969324, 3rd quartile : 2.8079865482802453