error_threshold = 0.5, num_runs : 100
prediction_horizon : 2.8541824560100166, median : 2.7174063370453987
ph_min : 0.4529010561742331, ph_max : 8.87686070101497
stddev : 1.1765316458349333, IQR : 1.177542746053006
1st quartile : 2.0833448584014724, 3rd quartile : 3.2608876044544783