error_threshold = 0.5, num_runs : 100
prediction_horizon : 1.985518230267838, median : 1.8116042246969324
ph_min : 0.4529010561742331, ph_max : 4.981911617916564
stddev : 1.005455033282407, IQR : 1.4492833797575457
1st quartile : 1.0869625348181597, 3rd quartile : 2.5362459145757055