error_threshold = 0.5
prediction_horizon : 2.3532738878813153, median : 2.2645052808711656
ph_min : 0.27174063370453994, ph_max : 4.981911617916564
stddev : 1.1116653626367534, IQR : 1.1775427460530061
1st quartile : 1.6304438022272392, 3rd quartile : 2.8079865482802453