error_threshold = 0.5, num_runs : 100
prediction_horizon : 2.801645933493806, median : 2.7174063370453987
ph_min : 0.724641689878773, ph_max : 6.612355420143804
stddev : 1.1257670005243523, IQR : 1.3587031685226996
1st quartile : 2.0833448584014724, 3rd quartile : 3.442048026924172