error_threshold = 0.5
prediction_horizon : 3.285913731339798, median : 3.0472780049107846
ph_min : 0.636542516581364, ph_max : 7.205119549389056
stddev : 1.5661540995157495, IQR : 2.221127079134972
1st quartile : 2.0044317543413164, 3rd quartile : 4.225558833476288