error_threshold = 0.5
prediction_horizon : 3.2051947228541615, median : 3.074364920509992
ph_min : 0.6500859743809674, ph_max : 9.995071856107375
stddev : 1.597156980792189, IQR : 1.8960840919444881
1st quartile : 2.0450621277401266, 3rd quartile : 3.9411462196846148