error_threshold = 0.5
prediction_horizon : 3.4396319773652975, median : 3.114995293908802
ph_min : 0.9074116725734337, ph_max : 7.4218148741827115
stddev : 1.6265556987490042, IQR : 2.356561657131007
1st quartile : 2.194040163535765, 3rd quartile : 4.550601820666772