prediction_horizon : 0.7201463378780278, median : 0.6207043314445203
ph_min : 0.31035216572226015, ph_max : 1.7457309321877132
stddev : 0.29974330641929375, IQR : 0.33621484619911524
1st quantile : 0.5172536095371002, 3rd quantile : 0.8534684557362154