prediction_horizon : 1.6089173524651499, median : 1.5129668078960183
ph_min : 0.6853610326366578, ph_max : 3.8406080508129694
stddev : 0.6385075749954204, IQR : 0.8922624764514979
1st quantile : 1.1120952605047654, 3rd quantile : 2.0043577369562633