i : 8, name : attention_module, lambda_att : 0.15486681461334229
i : 13, name : attention_module_1, lambda_att : -0.06242942437529564
i : 22, name : attention_module_2, lambda_att : -0.27863073348999023
