error_threshold = 0.5
prediction_horizon : 2.0797216499520785, median : 1.9927646471666258
ph_min : 0.5434812674090799, ph_max : 4.529010561742331
stddev : 0.9639811466955821, IQR : 1.449283379757546
1st quartile : 1.3587031685226993, 3rd quartile : 2.8079865482802453