error_threshold = 0.5, num_runs : 100
prediction_horizon : 1.9393223225380667, median : 1.721024013462086
ph_min : 0.3623208449393865, ph_max : 5.525392885325645
stddev : 0.9848776828855035, IQR : 1.2681229572878527
1st quartile : 1.1775427460530061, 3rd quartile : 2.445665703340859