error_threshold = 0.5, num_runs : 100
prediction_horizon : 2.233708009051318, median : 1.9927646471666258
ph_min : 0.27174063370453994, ph_max : 6.97467626508319
stddev : 1.153696081100201, IQR : 1.1775427460530066
1st quartile : 1.449283379757546, 3rd quartile : 2.6268261258105525