error_threshold = 0.5
prediction_horizon : 1.9039960401564764, median : 1.8116042246969324
ph_min : 0.0, ph_max : 4.891331406681718
stddev : 0.8000832691893613, IQR : 0.9963823235833129
1st quartile : 1.3587031685226993, 3rd quartile : 2.3550854921060123