error_threshold = 0.5, num_runs : 100
prediction_horizon : 1.7880533697758727, median : 1.6304438022272392
ph_min : 0.3623208449393865, ph_max : 5.1630720403862576
stddev : 0.8612858811882754, IQR : 0.9963823235833134
1st quartile : 1.1775427460530061, 3rd quartile : 2.1739250696363195