error_threshold = 0.5, num_runs : 100
prediction_horizon : 2.0072574809642014, median : 1.9021844359317792
ph_min : 0.27174063370453994, ph_max : 4.347850139272639
stddev : 0.825992200083416, IQR : 1.0869625348181595
1st quartile : 1.449283379757546, 3rd quartile : 2.5362459145757055