error_threshold = 0.5
prediction_horizon : 2.2291789984895756, median : 2.1739250696363195
ph_min : 0.0, ph_max : 5.88771373026503
stddev : 0.9924958521501094, IQR : 1.177542746053006
1st quartile : 1.5398635909923928, 3rd quartile : 2.7174063370453987