error_threshold = 0.5
prediction_horizon : 0.946563207404147, median : 0.724641689878773
ph_min : 0.09058021123484662, ph_max : 5.706553307795338
stddev : 0.9832334855552447, IQR : 0.8152219011136197
1st quartile : 0.3623208449393865, 3rd quartile : 1.1775427460530061