error_threshold = 0.5
prediction_horizon : 2.3143243970503313, median : 2.1739250696363195
ph_min : 0.0, ph_max : 7.971058588666503
stddev : 1.218388020552921, IQR : 1.2681229572878525
1st quartile : 1.5398635909923928, 3rd quartile : 2.8079865482802453