error_threshold = 0.5, num_runs : 100
prediction_horizon : 0.9239181545954357, median : 0.724641689878773
ph_min : 0.18116042246969324, ph_max : 5.344232462855951
stddev : 0.7532876050977388, IQR : 0.9058021123484663
1st quartile : 0.3623208449393865, 3rd quartile : 1.2681229572878527