error_threshold = 0.5
prediction_horizon : 0.924332200242798, median : 0.8276057752593604
ph_min : 0.3750088669143977, ph_max : 2.2371218612479584
stddev : 0.3590885800229491, IQR : 0.5560476302523827
1st quartile : 0.5948416509676653, 3rd quartile : 1.150889281220048