error_threshold = 0.5
prediction_horizon : 2.5252321217601237, median : 2.3147099026785236
ph_min : 1.0345072190742004, ph_max : 5.004428672271445
stddev : 0.9141571882622105, IQR : 0.9957131983589176
1st quartile : 1.887975674810416, 3rd quartile : 2.8836888731693335