prediction_horizon : 1.4066711911361438, median : 1.280202683604323
ph_min : 0.6207043314445203, ph_max : 3.1940410388915943
stddev : 0.575683109042718, IQR : 0.7500177338287954
1st quantile : 0.9698505178820629, 3rd quantile : 1.7198682517108583