prediction_horizon : 0.7845444122653968, median : 0.6853610326366578
ph_min : 0.2715581450069776, ph_max : 1.9138383552872709
stddev : 0.3402542789775402, IQR : 0.3750088669143977
1st quantile : 0.5431162900139552, 3rd quantile : 0.918125156928353