error_threshold = 0.5
prediction_horizon : 2.1639736872206456, median : 2.275300910333386
ph_min : 0.3927602761885011, ph_max : 3.0066476315119743
stddev : 0.7883911437694602, IQR : 1.4626934423571767
1st quartile : 1.5439541891547977, 3rd quartile : 3.0066476315119743