ORIGINAL (multi-point) ERROR; error_threshold = 0.5
prediction_horizon : 1.733968902083235, median : 1.7335625983492464
ph_min : 0.24378224039286278, ph_max : 3.0066476315119743
stddev : 0.7887304601310705, IQR : 1.1241069973670894
1st quartile : 1.1241069973670894, 3rd quartile : 2.248213994734179

NEW (cumulative) ERROR; error_threshold = 0.5
prediction_horizon : 1.7368130282211516, median : 1.7471060561488498
ph_min : 0.25732569819246626, ph_max : 3.0066476315119743
stddev : 0.8002203815773169, IQR : 1.1782808285655033
1st quartile : 1.083476623968279, 3rd quartile : 2.2617574525337822