error_threshold = 0.5
prediction_horizon : 0.5898750000000001, median : 0.5687500000000001
ph_min : 0.08125, ph_max : 1.7225000000000001
stddev : 0.25768934179550385, IQR : 0.26000000000000006
1st quartile : 0.43875000000000003, 3rd quartile : 0.6987500000000001