ORIGINAL (multi-point) ERROR; error_threshold = 0.5
prediction_horizon : 1.4276158866562039, median : 1.3949761533591591
ph_min : 0.1083476623968279, ph_max : 3.0066476315119743
stddev : 0.7140064068620852, IQR : 1.002215877170658
1st quartile : 0.7855205523770022, 3rd quartile : 1.7877364295476603

NEW (cumulative) ERROR; error_threshold = 0.5
prediction_horizon : 1.4426491248137636, median : 1.3814326955595557
ph_min : 0.12189112019643139, ph_max : 3.0066476315119743
stddev : 0.7456813861966944, IQR : 1.083476623968279
1st quartile : 0.7584336367777953, 3rd quartile : 1.8419102607460742