error_threshold = 0.5
prediction_horizon : 1.924931657057644, median : 1.9096275497440918
ph_min : 0.5146513963849325, ph_max : 3.0066476315119743
stddev : 0.7624080350930235, IQR : 1.218911201964314
1st quartile : 1.2595415753631243, 3rd quartile : 2.4784527773274383