error_threshold = 0.5
prediction_horizon : 1.1199833780502062, median : 1.0086445385973455
ph_min : 0.49139092906024523, ph_max : 2.275915881963241
stddev : 0.4433616880557355, IQR : 0.5948416509676653
1st quartile : 0.7758804143056504, 3rd quartile : 1.3707220652733156