error_threshold = 0.5, num_runs : 100
prediction_horizon : 0.7118712400330321, median : 0.5552817784969049
ph_min : 0.11105635569938098, ph_max : 2.0640230010470315
stddev : 0.4513331638719077, IQR : 0.7367641158593079
1st quartile : 0.34671252511026257, 3rd quartile : 1.0834766409695704