error_threshold = 0.5
prediction_horizon : 0.362465466883123, median : 0.34914618643754264
ph_min : 0.12931340238427505, ph_max : 0.7370863935903678
stddev : 0.12046922904298601, IQR : 0.12931340238427508
1st quartile : 0.2844894852454051, 3rd quartile : 0.4138028876296802