error_threshold = 0.5
prediction_horizon : 0.38431943188606554, median : 0.3750088669143977
ph_min : 0.11638206214584755, ph_max : 0.6724296923982302
stddev : 0.12592071420071832, IQR : 0.15517608286113005
1st quartile : 0.29742082548383264, 3rd quartile : 0.4525969083449627