error_threshold = 0.5
prediction_horizon : 0.7188532038541849, median : 0.6207043314445203
ph_min : 0.2844894852454051, ph_max : 1.7457309321877132
stddev : 0.28427836155588704, IQR : 0.3879402071528252
1st quartile : 0.5043222692986727, 3rd quartile : 0.8922624764514979