prediction_horizon : 3.0123557085416883, median : 2.8836888731693335
ph_min : 1.4483101067038806, ph_max : 6.504464139929036
stddev : 0.915280179861949, IQR : 1.215545982412186
1st quantile : 2.3664352636322334, 3rd quantile : 3.5819812460444194