error_threshold = 0.5
prediction_horizon : 1.1799847967565098, median : 1.073301239789483
ph_min : 0.49139092906024523, ph_max : 2.6250620684007835
stddev : 0.45416949065784384, IQR : 0.5560476302523826
1st quartile : 0.8663997959746429, 3rd quartile : 1.4224474262270255