error_threshold = 0.5
prediction_horizon : 1.0255845943096855, median : 0.9957131983589179
ph_min : 0.4008715473912527, ph_max : 2.0948771186252557
stddev : 0.36146598131098595, IQR : 0.5301849497755278
1st quartile : 0.7370863935903678, 3rd quartile : 1.2672713433658955