error_threshold = 0.5
prediction_horizon : 1.2496847206416342, median : 1.1120952605047654
ph_min : 0.5560476302523827, ph_max : 3.0000709353151818
stddev : 0.48418681717752426, IQR : 0.5172536095371001
1st quartile : 0.8922624764514979, 3rd quartile : 1.409516085988598