error_threshold = 0.5
prediction_horizon : 1.202226701966605, median : 1.0862325800279105
ph_min : 0.4525969083449627, ph_max : 2.6121307281623563
stddev : 0.46255696857916373, IQR : 0.6077729912060927
1st quartile : 0.8405371154977879, 3rd quartile : 1.4483101067038806