error_threshold = 0.5
prediction_horizon : 1.0164033427404018, median : 0.9051938166899254
ph_min : 0.36207752667597015, ph_max : 2.560405367208646
stddev : 0.41388370061504776, IQR : 0.5172536095371002
1st quartile : 0.6982923728750853, 3rd quartile : 1.2155459824121855