error_threshold = 0.5, num_runs : 50
prediction_horizon : 0.41032836816349544, median : 0.34420481214597853
ph_min : 0.0, ph_max : 1.7481981248466802
stddev : 0.2903728146719369, IQR : 0.23550855567882742
1st quartile : 0.23550855567882742, 3rd quartile : 0.47101711135765484