prediction_horizon : 0.9186424105378898, median : 0.7888117545440779
ph_min : 0.4267342278681077, ph_max : 2.301778562440096
stddev : 0.37895190525495415, IQR : 0.4525969083449627
1st quantile : 0.6465670119213752, 3rd quantile : 1.099163920266338