prediction_horizon : 0.3777244483644674, median : 0.36207752667597015
ph_min : 0.16810742309955756, ph_max : 0.918125156928353
stddev : 0.11907082313856035, IQR : 0.11638206214584756
1st quantile : 0.31035216572226015, 3rd quantile : 0.4267342278681077