error_threshold = 0.5
prediction_horizon : 0.508201671370201, median : 0.4267342278681077
ph_min : 0.2327641242916951, ph_max : 1.1638206214584754
stddev : 0.2152087396772167, IQR : 0.21983278405326756
1st quartile : 0.36207752667597015, 3rd quartile : 0.5819103107292377