error_threshold = 0.5
prediction_horizon : 1.2424431701081147, median : 1.1638206214584754
ph_min : 0.5819103107292377, ph_max : 3.0000709353151818
stddev : 0.4753553636091105, IQR : 0.6853610326366579
1st quartile : 0.8276057752593604, 3rd quartile : 1.5129668078960183