error_threshold = 0.5
prediction_horizon : 1.3425317435535435, median : 1.202614642173758
ph_min : 0.6207043314445203, ph_max : 2.8836888731693335
stddev : 0.5028525200040411, IQR : 0.6724296923982302
1st quartile : 0.943987837405208, 3rd quartile : 1.6164175298034382