error_threshold = 0.5
prediction_horizon : 1.3249451208292826, median : 1.202614642173758
ph_min : 0.4784595888218177, ph_max : 3.0000709353151818
stddev : 0.5008634435645518, IQR : 0.5172536095371003
1st quartile : 0.9698505178820629, 3rd quartile : 1.4871041274191632