error_threshold = 0.5
prediction_horizon : 0.9889889014349356, median : 0.918125156928353
ph_min : 0.2715581450069776, ph_max : 2.2241905210095307
stddev : 0.401365470585215, IQR : 0.5172536095371002
1st quartile : 0.6982923728750853, 3rd quartile : 1.2155459824121855