error_threshold = 0.5
prediction_horizon : 0.724930933766246, median : 0.6594983521598028
ph_min : 0.3362148461991151, ph_max : 1.7198682517108583
stddev : 0.31223132722488584, IQR : 0.3879402071528252
1st quartile : 0.4784595888218177, 3rd quartile : 0.8663997959746429