error_threshold = 0.5
prediction_horizon : 0.7086374450658272, median : 0.6207043314445203
ph_min : 0.34914618643754264, ph_max : 1.6034861895650108
stddev : 0.2920536823076125, IQR : 0.4267342278681077
1st quartile : 0.4655282485833902, 3rd quartile : 0.8922624764514979