error_threshold = 0.5
prediction_horizon : 0.6582052181359601, median : 0.5948416509676653
ph_min : 0.29742082548383264, ph_max : 1.5646921688497284
stddev : 0.2543466754593757, IQR : 0.3232835059606877
1st quartile : 0.4655282485833902, 3rd quartile : 0.7888117545440779