error_threshold = 0.5
prediction_horizon : 0.6743693934339946, median : 0.6207043314445203
ph_min : 0.3232835059606876, ph_max : 1.7715936126645684
stddev : 0.27807718937245984, IQR : 0.34914618643754275
1st quartile : 0.4655282485833902, 3rd quartile : 0.814674435020933