error_threshold = 0.5
prediction_horizon : 0.6856196594414264, median : 0.6077729912060927
ph_min : 0.3232835059606876, ph_max : 1.409516085988598
stddev : 0.2661782501211254, IQR : 0.3232835059606877
1st quartile : 0.49139092906024523, 3rd quartile : 0.814674435020933