error_threshold = 0.5
prediction_horizon : 0.6563948305025802, median : 0.5819103107292377
ph_min : 0.3232835059606876, ph_max : 1.629348870041866
stddev : 0.2649638872550676, IQR : 0.29742082548383264
1st quartile : 0.4784595888218177, 3rd quartile : 0.7758804143056504