error_threshold = 0.5
prediction_horizon : 1.2683058505849696, median : 1.150889281220048
ph_min : 0.5172536095371002, ph_max : 3.0000709353151818
stddev : 0.4585602762451153, IQR : 0.5948416509676654
1st quartile : 0.9310564971667804, 3rd quartile : 1.5258981481344458