error_threshold = 0.5
prediction_horizon : 1.2014508215522997, median : 1.0603698995510555
ph_min : 0.5689789704908103, ph_max : 3.0000709353151818
stddev : 0.4703848377625728, IQR : 0.5301849497755275
1st quartile : 0.8793311362130705, 3rd quartile : 1.409516085988598