error_threshold = 0.5
prediction_horizon : 1.1431222657837645, median : 0.9058021123484662
ph_min : 0.18116042246969324, ph_max : 4.2572699280377915
stddev : 0.8604433537270636, IQR : 0.9058021123484661
1st quartile : 0.5434812674090799, 3rd quartile : 1.449283379757546