error_threshold = 0.5
prediction_horizon : 2.7563558278763827, median : 2.7174063370453987
ph_min : 0.09058021123484662, ph_max : 4.981911617916564
stddev : 0.9080868341846069, IQR : 1.177542746053006
1st quartile : 2.1739250696363195, 3rd quartile : 3.3514678156893254