error_threshold = 0.5
prediction_horizon : 2.5896882392042655, median : 2.445665703340859
ph_min : 0.09058021123484662, ph_max : 4.981911617916564
stddev : 0.9790287869677935, IQR : 1.449283379757546
1st quartile : 1.8116042246969324, 3rd quartile : 3.2608876044544783