error_threshold = 0.5, num_runs : 100
prediction_horizon : 1.011780959493237, median : 0.8152219011136196
ph_min : 0.18116042246969324, ph_max : 4.529010561742331
stddev : 0.7317462811954415, IQR : 0.8152219011136197
1st quartile : 0.4529010561742331, 3rd quartile : 1.2681229572878527