error_threshold = 0.5
prediction_horizon : 1.5507332163405743, median : 1.449283379757546
ph_min : 0.5434812674090799, ph_max : 4.529010561742331
stddev : 0.6143822763037775, IQR : 0.45290105617423326
1st quartile : 1.2681229572878527, 3rd quartile : 1.721024013462086