error_threshold = 0.5, num_runs : 100
prediction_horizon : 2.5425865293621452, median : 2.6268261258105525
ph_min : 0.724641689878773, ph_max : 6.612355420143804
stddev : 0.9025585151807363, IQR : 1.0869625348181597
1st quartile : 1.9021844359317792, 3rd quartile : 2.989146970749939