error_threshold = 0.5
prediction_horizon : 1.0308028038525547, median : 0.8152219011136196
ph_min : 0.27174063370453994, ph_max : 3.442048026924172
stddev : 0.726087266873162, IQR : 1.0869625348181595
1st quartile : 0.3623208449393865, 3rd quartile : 1.449283379757546