error_threshold = 0.5, num_runs : 100
prediction_horizon : 2.5733838011819934, median : 2.5362459145757055
ph_min : 0.8152219011136196, ph_max : 5.253652251621105
stddev : 0.9161681273334689, IQR : 1.1775427460530064
1st quartile : 1.9021844359317792, 3rd quartile : 3.0797271819847856