error_threshold = 0.5
prediction_horizon : 2.519941476553433, median : 2.3550854921060123
ph_min : 0.9058021123484662, ph_max : 6.250034575204418
stddev : 0.9827330943010418, IQR : 1.1775427460530066
1st quartile : 1.8116042246969324, 3rd quartile : 2.989146970749939