error_threshold = 0.5, num_runs : 100
prediction_horizon : 2.2219325815907878, median : 2.0833448584014724
ph_min : 0.724641689878773, ph_max : 4.800751195446872
stddev : 0.8357422348632723, IQR : 1.2681229572878527
1st quartile : 1.6304438022272392, 3rd quartile : 2.898566759515092