error_threshold = 0.5, num_runs : 100
prediction_horizon : 1.532617174093605, median : 1.3587031685226993
ph_min : 0.5434812674090799, ph_max : 3.5326282381590186
stddev : 0.6506257467064763, IQR : 0.7246416898787726
1st quartile : 1.0869625348181597, 3rd quartile : 1.8116042246969324