error_threshold = 0.5
prediction_horizon : 2.420303244195102, median : 2.2645052808711656
ph_min : 0.6340614786439264, ph_max : 7.427577321257424
stddev : 1.0948656111775639, IQR : 1.1775427460530061
1st quartile : 1.6304438022272392, 3rd quartile : 2.8079865482802453