error_threshold = 0.5
prediction_horizon : 2.124105953457153, median : 1.8116042246969324
ph_min : 0.8152219011136196, ph_max : 4.438430350507485
stddev : 0.8476270439781411, IQR : 0.9963823235833127
1st quartile : 1.5398635909923928, 3rd quartile : 2.5362459145757055