error_threshold = 0.5
prediction_horizon : 1.630443802227239, median : 1.449283379757546
ph_min : 0.5434812674090799, ph_max : 4.981911617916564
stddev : 0.8312677802514479, IQR : 0.8152219011136195
1st quartile : 1.0869625348181597, 3rd quartile : 1.9021844359317792