error_threshold = 0.5
prediction_horizon : 2.2599762703094233, median : 2.0833448584014724
ph_min : 0.09058021123484662, ph_max : 3.9855292943332516
stddev : 0.8285366524665393, IQR : 1.3587031685226998
1st quartile : 1.6304438022272392, 3rd quartile : 2.989146970749939