error_threshold = 0.5
prediction_horizon : 0.8846329857108256, median : 0.7758804143056504
ph_min : 0.3232835059606876, ph_max : 1.887975674810416
stddev : 0.3547342403557311, IQR : 0.4913909290602452
1st quartile : 0.5948416509676653, 3rd quartile : 1.0862325800279105