error_threshold = 0.5
prediction_horizon : 1.059335392331981, median : 0.9957131983589179
ph_min : 0.3879402071528252, ph_max : 2.1595338198173932
stddev : 0.3684804858028843, IQR : 0.4784595888218176
1st quartile : 0.7888117545440779, 3rd quartile : 1.2672713433658955