error_threshold = 0.5
prediction_horizon : 1.4459824654609639, median : 1.3189967043196056
ph_min : 0.6594983521598028, ph_max : 3.0000709353151818
stddev : 0.5182140982609098, IQR : 0.7112237131135128
1st quartile : 1.021575878835773, 3rd quartile : 1.7327995919492858