error_threshold = 0.5
prediction_horizon : 1.35119574151329, median : 1.202614642173758
ph_min : 0.4784595888218177, ph_max : 3.0000709353151818
stddev : 0.4769070390685969, IQR : 0.607772991206093
1st quartile : 1.021575878835773, 3rd quartile : 1.629348870041866