error_threshold = 0.5
prediction_horizon : 1.460336253125618, median : 1.2931340238427504
ph_min : 0.6982923728750853, ph_max : 3.0000709353151818
stddev : 0.5426303930739014, IQR : 0.6853610326366579
1st quartile : 1.0862325800279105, 3rd quartile : 1.7715936126645684