prediction_horizon : 0.37927620919307875, median : 0.36207752667597015
ph_min : 0.1939701035764126, ph_max : 0.6594983521598028
stddev : 0.10319266226513842, IQR : 0.12931340238427508
1st quantile : 0.31035216572226015, 3rd quantile : 0.43966556810653523