error_threshold = 0.5
prediction_horizon : 0.5794533560839366, median : 0.5301849497755278
ph_min : 0.2586268047685501, ph_max : 1.2414086628890406
stddev : 0.20011176945938838, IQR : 0.23276412429169502
1st quartile : 0.43966556810653523, 3rd quartile : 0.6724296923982302