error_threshold = 0.5
prediction_horizon : 1.0645079284273522, median : 0.9957131983589179
ph_min : 0.4267342278681077, ph_max : 2.0948771186252557
stddev : 0.36268147077703244, IQR : 0.5172536095371001
1st quartile : 0.7629490740672229, 3rd quartile : 1.280202683604323