error_threshold = 0.5
prediction_horizon : 0.194675, median : 0.195
ph_min : 0.04875, ph_max : 0.39
stddev : 0.06479574156532203, IQR : 0.08125000000000002
1st quartile : 0.1625, 3rd quartile : 0.24375000000000002