error_threshold = 0.5
prediction_horizon : 0.4606875, median : 0.42250000000000004
ph_min : 0.04875, ph_max : 1.4625000000000001
stddev : 0.2853841914310427, IQR : 0.27625
1st quartile : 0.26, 3rd quartile : 0.53625