error_threshold = 0.5
prediction_horizon : 0.3747502401096291, median : 0.36207752667597015
ph_min : 0.12931340238427505, ph_max : 1.2931340238427504
stddev : 0.14638117220790128, IQR : 0.1551760828611301
1st quartile : 0.2715581450069776, 3rd quartile : 0.4267342278681077