prediction_horizon : 1.2675299701706642, median : 1.1896833019353306
ph_min : 0.5560476302523827, ph_max : 2.7026501098313487
stddev : 0.45246011103845, IQR : 0.5948416509676654
1st quantile : 0.918125156928353, 3rd quantile : 1.5129668078960183