i : 8, name : attention_module, lambda_att : 0.3480817377567291
i : 13, name : attention_module_1, lambda_att : 0.14727085828781128
i : 18, name : attention_module_2, lambda_att : 0.04680534824728966
