i : 5, name : attention_module_3, lambda_att : -0.19076243042945862
i : 11, name : attention_module_4, lambda_att : 0.22143326699733734
