prediction_horizon : 1.2137355947788055, median : 1.1120952605047654
ph_min : 0.5819103107292377, ph_max : 2.4181606245859433
stddev : 0.45697980551690914, IQR : 0.6336356716829477
1st quantile : 0.8276057752593604, 3rd quantile : 1.461241446942308