error_threshold = 0.5
prediction_horizon : 1.0345072190742004, median : 0.9569191776436354
ph_min : 0.4008715473912527, ph_max : 2.5474740269702187
stddev : 0.39224402238637796, IQR : 0.4913909290602452
1st quartile : 0.7370863935903678, 3rd quartile : 1.228477322650613