error_threshold = 0.5
prediction_horizon : 1.0420073964124885, median : 0.9827818581204905
ph_min : 0.4267342278681077, ph_max : 2.3664352636322334
stddev : 0.36998632203628384, IQR : 0.5172536095371003
1st quartile : 0.7370863935903678, 3rd quartile : 1.254340003127468