error_threshold = 0.5
prediction_horizon : 1.228348009248229, median : 1.099163920266338
ph_min : 0.5819103107292377, ph_max : 2.586268047685501
stddev : 0.41024560228667933, IQR : 0.5948416509676654
1st quartile : 0.918125156928353, 3rd quartile : 1.5129668078960183