error_threshold = 0.5
prediction_horizon : 1.0369641737195014, median : 1.021575878835773
ph_min : 0.5172536095371002, ph_max : 1.8233189736182784
stddev : 0.2789017300947863, IQR : 0.38794020715282507
1st quartile : 0.814674435020933, 3rd quartile : 1.202614642173758