error_threshold = 0.5
prediction_horizon : 1.2438656175343417, median : 1.150889281220048
ph_min : 0.5043222692986727, ph_max : 2.637993408639211
stddev : 0.4681241435933946, IQR : 0.6077729912060927
1st quartile : 0.8793311362130705, 3rd quartile : 1.4871041274191632