error_threshold = 0.5
prediction_horizon : 0.5689789704908103, median : 0.5301849497755278
ph_min : 0.24569546453012261, ph_max : 1.4871041274191632
stddev : 0.18813211354315745, IQR : 0.19397010357641253
1st quartile : 0.43966556810653523, 3rd quartile : 0.6336356716829478