prediction_horizon : 1.7012471217675225, median : 1.6552115505187208
ph_min : 0.6594983521598028, ph_max : 3.918196092243534
stddev : 0.650998448228079, IQR : 1.0603698995510553
1st quantile : 1.099163920266338, 3rd quantile : 2.1595338198173932