error_threshold = 0.5
prediction_horizon : 2.963850304865227, median : 2.6409742709226802
ph_min : 0.9751289615714511, ph_max : 6.907163477797779
stddev : 1.2300333900323133, IQR : 1.5574976469544008
1st quartile : 2.194040163535765, 3rd quartile : 3.751537810490166