error_threshold = 0.5
prediction_horizon : 3.326408670160613, median : 3.142082209508009
ph_min : 1.056389708369072, ph_max : 8.180248510960507
stddev : 1.4770429445096367, IQR : 1.977344838742109
1st quartile : 2.1804967057361617, 3rd quartile : 4.157841544478271