error_threshold = 0.5
prediction_horizon : 3.158740662601522, median : 2.95247380031356
ph_min : 1.083476623968279, ph_max : 7.489532163180729
stddev : 1.2875546085747154, IQR : 1.665845309351229
1st quartile : 2.2075836213353686, 3rd quartile : 3.8734289306865977