error_threshold = 0.5
prediction_horizon : 3.324377151490672, median : 3.033734547111181
ph_min : 1.0428462505694684, ph_max : 9.995071856107375
stddev : 1.6515394898365077, IQR : 1.6523018515516252
1st quartile : 2.275300910333386, 3rd quartile : 3.9276027618850113