error_threshold = 0.5
prediction_horizon : 0.8279031306864981, median : 0.9058021123484662
ph_min : 0.0, ph_max : 1.9927646471666258
stddev : 0.5777313522543518, IQR : 0.9058021123484662
1st quartile : 0.27174063370453994, 3rd quartile : 1.1775427460530061