prediction_horizon : 2.917827611398783, median : 2.8707575329309063
ph_min : 1.1379579409816205, ph_max : 5.793240426815522
stddev : 0.9939255908895146, IQR : 1.2802026836043234
1st quantile : 2.172465160055821, 3rd quantile : 3.4526678436601443