error_threshold = 0.5
prediction_horizon : 1.1721079333789153, median : 1.1775427460530061
ph_min : 0.0, ph_max : 1.9927646471666258
stddev : 0.5860224657693978, IQR : 0.9058021123484662
1st quartile : 0.724641689878773, 3rd quartile : 1.6304438022272392