prediction_horizon : 1.133949225507708, median : 1.0345072190742004
ph_min : 0.6077729912060927, ph_max : 2.689718769592921
stddev : 0.4098426873134191, IQR : 0.5301849497755277
1st quantile : 0.8017430947825054, 3rd quantile : 1.331928044558033