prediction_horizon : 2.0972047598681725, median : 2.0302204174331187
ph_min : 0.8276057752593604, ph_max : 3.9957841336740993
stddev : 0.7198968514542183, IQR : 0.8922624764514977
1st quantile : 1.6034861895650108, 3rd quantile : 2.4957486660165085