i : 8, name : attention_module, lambda_att : -0.2959115505218506
i : 13, name : attention_module_1, lambda_att : 0.13819241523742676
i : 22, name : attention_module_2, lambda_att : -0.2707611620426178
