i : 8, name : attention_module_3, lambda_att : -0.3920263350009918
i : 13, name : attention_module_4, lambda_att : -0.3340695798397064
