error_threshold = 0.5
prediction_horizon : 1.0213172520310045, median : 0.943987837405208
ph_min : 0.4267342278681077, ph_max : 2.3147099026785236
stddev : 0.4014217112456535, IQR : 0.46552824858339026
1st quartile : 0.7370863935903678, 3rd quartile : 1.202614642173758