error_threshold = 0.5
prediction_horizon : 1.2599004794299917, median : 1.1767519616969029
ph_min : 0.5172536095371002, ph_max : 3.0000709353151818
stddev : 0.4488172006763994, IQR : 0.5431162900139551
1st quartile : 0.918125156928353, 3rd quartile : 1.461241446942308