error_threshold = 0.5
prediction_horizon : 1.2137355947788055, median : 1.0603698995510555
ph_min : 0.5689789704908103, ph_max : 3.0000709353151818
stddev : 0.4899835491952002, IQR : 0.543116290013955
1st quartile : 0.8793311362130705, 3rd quartile : 1.4224474262270255