prediction_horizon : 0.7118702801254345, median : 0.6724296923982302
ph_min : 0.34914618643754264, ph_max : 1.6164175298034382
stddev : 0.2325655794613203, IQR : 0.29742082548383264
1st quantile : 0.5431162900139552, 3rd quantile : 0.8405371154977879