error_threshold = 0.5
prediction_horizon : 0.3585860648115948, median : 0.3232835059606876
ph_min : 0.16810742309955756, ph_max : 0.7500177338287954
stddev : 0.13625061707992864, IQR : 0.15517608286113008
1st quartile : 0.24569546453012261, 3rd quartile : 0.4008715473912527