error_threshold = 0.5
prediction_horizon : 0.4974686589723062, median : 0.4655282485833902
ph_min : 0.18103876333798508, ph_max : 1.0603698995510555
stddev : 0.16151709852045787, IQR : 0.18103876333798508
1st quartile : 0.3879402071528252, 3rd quartile : 0.5689789704908103