error_threshold = 0.5
prediction_horizon : 3.78555897648277, median : 3.467125196698493
ph_min : 1.083476623968279, ph_max : 8.949516913977986
stddev : 1.8001551774933662, IQR : 2.340309507771483
1st quartile : 2.4215702545691036, 3rd quartile : 4.761879762340587