error_threshold = 0.5
prediction_horizon : 3.1591264202478397, median : 3.129384337699457
ph_min : 1.1379579409816205, ph_max : 5.004428672271445
stddev : 0.9825342598251272, IQR : 1.4353787664654534
1st quartile : 2.456954645301226, 3rd quartile : 3.8923334117666792