prediction_horizon : 0.778466682353336, median : 0.7370863935903678
ph_min : 0.3750088669143977, ph_max : 2.0043577369562633
stddev : 0.27372931996224564, IQR : 0.36207752667597026
1st quantile : 0.5819103107292377, 3rd quantile : 0.943987837405208