prediction_horizon : 0.801613781380121, median : 0.7112237131135127
ph_min : 0.34914618643754264, ph_max : 1.7069369114724309
stddev : 0.2859931587256878, IQR : 0.3750088669143977
1st quantile : 0.5819103107292377, 3rd quantile : 0.9569191776436354