error_threshold = 0.5
prediction_horizon : 2.0086302262591933, median : 1.9638013809425057
ph_min : 0.5688252275833465, ph_max : 3.0066476315119743
stddev : 0.8118208782622341, IQR : 1.47623690015678
1st quartile : 1.4626934423571767, 3rd quartile : 2.938930342513957