ORIGINAL (multi-point) ERROR; error_threshold = 0.5
prediction_horizon : 1.5703639318640248, median : 1.3678892377599523
ph_min : 0.29795607159127674, ph_max : 3.0066476315119743
stddev : 0.8006013779576955, IQR : 1.1511939129662963
1st quartile : 0.9344985881726406, 3rd quartile : 2.085692501138937

NEW (cumulative) ERROR; error_threshold = 0.5
prediction_horizon : 1.5652174179001752, median : 1.3814326955595557
ph_min : 0.3114995293908802, ph_max : 3.0066476315119743
stddev : 0.8179334837107279, IQR : 1.1918242863651072
1st quartile : 0.9074116725734337, 3rd quartile : 2.0992359589385408