prediction_horizon : 0.6517395480167463, median : 0.5689789704908103
ph_min : 0.3232835059606876, ph_max : 1.5905548493265833
stddev : 0.26319010369758256, IQR : 0.2974208254838327
1st quantile : 0.4655282485833902, 3rd quantile : 0.7629490740672229