error_threshold = 0.5
prediction_horizon : 0.9212007482583902, median : 0.724641689878773
ph_min : 0.09058021123484662, ph_max : 4.438430350507485
stddev : 0.7090822356167917, IQR : 0.9963823235833129
1st quartile : 0.3623208449393865, 3rd quartile : 1.3587031685226993