error_threshold = 0.5
prediction_horizon : 2.1211277393092636, median : 1.9009070150488434
ph_min : 0.8276057752593604, ph_max : 4.758733207741322
stddev : 0.8205675766460264, IQR : 1.1379579409816203
1st quartile : 1.5258981481344458, 3rd quartile : 2.663856089116066