error_threshold = 0.5
prediction_horizon : 0.7222153523161762, median : 0.6594983521598028
ph_min : 0.29742082548383264, ph_max : 1.5129668078960183
stddev : 0.25741082483946054, IQR : 0.3103521657222602
1st quartile : 0.5172536095371002, 3rd quartile : 0.8276057752593604