error_threshold = 0.5
prediction_horizon : 1.235977499988901, median : 1.1638206214584754
ph_min : 0.4525969083449627, ph_max : 2.6250620684007835
stddev : 0.4413971637418628, IQR : 0.5819103107292378
1st quartile : 0.9051938166899254, 3rd quartile : 1.4871041274191632