error_threshold = 0.5
prediction_horizon : 1.1784330359278985, median : 1.0862325800279105
ph_min : 0.43966556810653523, ph_max : 3.0000709353151818
stddev : 0.4424130893053736, IQR : 0.5689789704908101
1st quartile : 0.8276057752593604, 3rd quartile : 1.3965847457501706