error_threshold = 0.5
prediction_horizon : 0.8892882681966597, median : 0.7758804143056504
ph_min : 0.3879402071528252, ph_max : 3.0000709353151818
stddev : 0.4309992810645802, IQR : 0.3879402071528252
1st quartile : 0.6207043314445203, 3rd quartile : 1.0086445385973455