error_threshold = 0.5
prediction_horizon : 0.28280841101440957, median : 0.2586268047685501
ph_min : 0.12931340238427505, ph_max : 0.5689789704908103
stddev : 0.09409991552495499, IQR : 0.12931340238427502
1st quartile : 0.2069014438148401, 3rd quartile : 0.3362148461991151