error_threshold = 0.5
prediction_horizon : 1.2972720527190473, median : 1.1638206214584754
ph_min : 0.5560476302523827, ph_max : 2.8836888731693335
stddev : 0.4827803959234358, IQR : 0.5948416509676653
1st quartile : 0.9569191776436354, 3rd quartile : 1.5517608286113007