error_threshold = 0.5
prediction_horizon : 1.2703748650231181, median : 1.150889281220048
ph_min : 0.5043222692986727, ph_max : 3.0000709353151818
stddev : 0.47796696570188507, IQR : 0.6207043314445204
1st quartile : 0.9051938166899254, 3rd quartile : 1.5258981481344458