error_threshold = 0.5
prediction_horizon : 1.1415787162483801, median : 1.073301239789483
ph_min : 0.43966556810653523, ph_max : 2.6767874293544938
stddev : 0.44105569547573986, IQR : 0.6594983521598028
1st quartile : 0.7758804143056504, 3rd quartile : 1.4353787664654531