error_threshold = 0.5
prediction_horizon : 1.242055229900962, median : 1.1638206214584754
ph_min : 0.4525969083449627, ph_max : 3.0000709353151818
stddev : 0.47455508096383087, IQR : 0.5043222692986726
1st quartile : 0.943987837405208, 3rd quartile : 1.4483101067038806