error_threshold = 0.5
prediction_horizon : 0.3715174050500223, median : 0.34914618643754264
ph_min : 0.12931340238427505, ph_max : 0.7241550533519403
stddev : 0.12829890328957494, IQR : 0.1551760828611301
1st quartile : 0.2844894852454051, 3rd quartile : 0.43966556810653523