error_threshold = 0.5
prediction_horizon : 0.7720010122341222, median : 0.6982923728750853
ph_min : 0.36207752667597015, ph_max : 1.9784950564794084
stddev : 0.3152940792967577, IQR : 0.33621484619911524
1st quartile : 0.5560476302523827, 3rd quartile : 0.8922624764514979