error_threshold = 0.5
prediction_horizon : 0.9251080806571036, median : 0.8534684557362154
ph_min : 0.31035216572226015, ph_max : 2.3664352636322334
stddev : 0.35529628588202483, IQR : 0.4784595888218177
1st quartile : 0.6594983521598028, 3rd quartile : 1.1379579409816205