error_threshold = 0.5, num_runs : 100
prediction_horizon : 1.536240382542999, median : 1.449283379757546
ph_min : 0.3623208449393865, ph_max : 5.072491829151411
stddev : 0.8635026312231185, IQR : 1.0869625348181597
1st quartile : 0.9058021123484662, 3rd quartile : 1.9927646471666258