error_threshold = 0.5, num_runs : 100
prediction_horizon : 3.1376985171750875, median : 2.8079865482802453
ph_min : 0.8152219011136196, ph_max : 6.612355420143804
stddev : 1.3387816506033952, IQR : 1.9021844359317788
1st quartile : 2.1739250696363195, 3rd quartile : 4.076109505568098