error_threshold = 0.5, num_runs : 100
prediction_horizon : 2.577007009631387, median : 2.5362459145757055
ph_min : 0.27174063370453994, ph_max : 4.981911617916564
stddev : 1.049587815596361, IQR : 1.0869625348181597
1st quartile : 1.9927646471666258, 3rd quartile : 3.0797271819847856