error_threshold = 0.5, num_runs : 100
prediction_horizon : 2.5235646850028273, median : 2.445665703340859
ph_min : 0.27174063370453994, ph_max : 5.525392885325645
stddev : 1.1155731726128184, IQR : 1.0869625348181597
1st quartile : 1.9021844359317792, 3rd quartile : 2.989146970749939