error_threshold = 0.5, num_runs : 100
prediction_horizon : 2.44475990122851, median : 2.3550854921060123
ph_min : 0.6340614786439264, ph_max : 5.88771373026503
stddev : 1.107118090845717, IQR : 1.4492833797575464
1st quartile : 1.6304438022272392, 3rd quartile : 3.0797271819847856