error_threshold = 0.5, num_runs : 100
prediction_horizon : 2.5616083737214628, median : 2.445665703340859
ph_min : 0.5434812674090799, ph_max : 5.1630720403862576
stddev : 0.9787760815422432, IQR : 1.1775427460530064
1st quartile : 1.9021844359317792, 3rd quartile : 3.0797271819847856