error_threshold = 0.5
prediction_horizon : 2.3867885660382084, median : 2.2645052808711656
ph_min : 0.27174063370453994, ph_max : 4.981911617916564
stddev : 1.1943800314285977, IQR : 1.7210240134620858
1st quartile : 1.449283379757546, 3rd quartile : 3.1703073932196317