error_threshold = 0.5, num_runs : 100
prediction_horizon : 2.4873326005088883, median : 2.3550854921060123
ph_min : 0.4529010561742331, ph_max : 9.329761757189203
stddev : 1.1832022539914158, IQR : 1.0869625348181595
1st quartile : 1.8116042246969324, 3rd quartile : 2.898566759515092