error_threshold = 0.5, num_runs : 100
prediction_horizon : 1.5308055698689083, median : 1.3587031685226993
ph_min : 0.18116042246969324, ph_max : 5.525392885325645
stddev : 0.9900628411915261, IQR : 1.1775427460530064
1st quartile : 0.8152219011136196, 3rd quartile : 1.9927646471666258