error_threshold = 0.5, num_runs : 100
prediction_horizon : 3.1848002270172078, median : 2.989146970749939
ph_min : 0.3623208449393865, ph_max : 8.061638799901349
stddev : 1.4611640966022716, IQR : 1.9927646471666254
1st quartile : 2.1739250696363195, 3rd quartile : 4.166689716802945