error_threshold = 0.5, num_runs : 100
prediction_horizon : 2.4828035899471463, median : 2.3550854921060123
ph_min : 0.6340614786439264, ph_max : 5.434812674090797
stddev : 1.0398272908205364, IQR : 1.3587031685226996
1st quartile : 1.721024013462086, 3rd quartile : 3.0797271819847856