error_threshold = 0.5, num_runs : 100
prediction_horizon : 1.617762572654361, median : 1.449283379757546
ph_min : 0.27174063370453994, ph_max : 4.891331406681718
stddev : 1.0376887342805678, IQR : 1.2681229572878534
1st quartile : 0.9058021123484662, 3rd quartile : 2.1739250696363195