error_threshold = 0.5, num_runs : 100
prediction_horizon : 1.6114219578679216, median : 1.449283379757546
ph_min : 0.27174063370453994, ph_max : 4.981911617916564
stddev : 0.9601754474021504, IQR : 1.1775427460530064
1st quartile : 0.9058021123484662, 3rd quartile : 2.0833448584014724