error_threshold = 0.5
prediction_horizon : 2.278998114668741, median : 2.1739250696363195
ph_min : 0.27174063370453994, ph_max : 4.981911617916564
stddev : 1.1327032778896542, IQR : 1.539863590992393
1st quartile : 1.449283379757546, 3rd quartile : 2.989146970749939