error_threshold = 0.5, num_runs : 100
prediction_horizon : 2.355991294218361, median : 2.2645052808711656
ph_min : 0.4529010561742331, ph_max : 5.525392885325645
stddev : 0.9744422772924437, IQR : 1.0869625348181593
1st quartile : 1.721024013462086, 3rd quartile : 2.8079865482802453