error_threshold = 0.5, num_runs : 100
prediction_horizon : 2.4157742336333596, median : 2.3550854921060123
ph_min : 0.3623208449393865, ph_max : 5.706553307795338
stddev : 0.9478564508019648, IQR : 1.0869625348181597
1st quartile : 1.9021844359317792, 3rd quartile : 2.989146970749939