error_threshold = 0.5
prediction_horizon : 2.424832254756844, median : 2.3550854921060123
ph_min : 0.3623208449393865, ph_max : 4.981911617916564
stddev : 1.087630735908059, IQR : 1.4492833797575464
1st quartile : 1.6304438022272392, 3rd quartile : 3.0797271819847856