error_threshold = 0.5, num_runs : 100
prediction_horizon : 2.270845895657605, median : 2.2645052808711656
ph_min : 0.6340614786439264, ph_max : 5.88771373026503
stddev : 1.0272175361489604, IQR : 1.3587031685226991
1st quartile : 1.5398635909923928, 3rd quartile : 2.898566759515092