error_threshold = 0.5, num_runs : 100
prediction_horizon : 2.369578325903588, median : 2.2645052808711656
ph_min : 0.724641689878773, ph_max : 6.521775208908957
stddev : 1.1647023210938572, IQR : 1.4492833797575462
1st quartile : 1.5398635909923928, 3rd quartile : 2.989146970749939