error_threshold = 0.5
prediction_horizon : 2.2799039167810897, median : 2.0833448584014724
ph_min : 0.3623208449393865, ph_max : 4.981911617916564
stddev : 1.0036070762085882, IQR : 1.1775427460530061
1st quartile : 1.6304438022272392, 3rd quartile : 2.8079865482802453