num_runs : 100, error_threshold = 0.5
prediction_horizon : 0.5370385601018942, median : 0.49139092906024523
ph_min : 0.2586268047685501, ph_max : 1.3189967043196056
stddev : 0.18832271785306948, IQR : 0.19397010357641253
1st quartile : 0.4138028876296802, 3rd quartile : 0.6077729912060927