prediction_horizon : 1.4002055210169302, median : 1.2672713433658955
ph_min : 0.5560476302523827, ph_max : 3.375079802229579
stddev : 0.5633497375264148, IQR : 0.8146744350209328
1st quantile : 0.9310564971667804, 3rd quantile : 1.7457309321877132