error_threshold = 0.5
prediction_horizon : 0.7183359502446478, median : 0.6594983521598028
ph_min : 0.29742082548383264, ph_max : 1.5388294883728733
stddev : 0.2853427028801473, IQR : 0.33621484619911524
1st quartile : 0.5172536095371002, 3rd quartile : 0.8534684557362154