error_threshold = 0.5
prediction_horizon : 1.0314036974169776, median : 0.9827818581204905
ph_min : 0.3750088669143977, ph_max : 2.405229284347516
stddev : 0.3765579633090829, IQR : 0.46552824858339015
1st quartile : 0.7888117545440779, 3rd quartile : 1.254340003127468