error_threshold = 0.5
prediction_horizon : 0.9711436519059058, median : 0.8793311362130705
ph_min : 0.4138028876296802, ph_max : 2.3922979441090884
stddev : 0.38919467411911896, IQR : 0.5172536095371001
1st quartile : 0.6594983521598028, 3rd quartile : 1.1767519616969029