error_threshold = 0.5
prediction_horizon : 0.782486817829891, median : 0.7150945718190642
ph_min : 0.0, ph_max : 2.1452837154571927
stddev : 0.47988372243382965, IQR : 0.47131233142620144
1st quartile : 0.47131233142620144, 3rd quartile : 0.9426246628524029