error_threshold = 0.5
prediction_horizon : 2.103163561700426, median : 2.1534097901369544
ph_min : 0.528194854184536, ph_max : 3.0066476315119743
stddev : 0.7649819139396749, IQR : 1.4762369001567803
1st quartile : 1.530410731355194, 3rd quartile : 3.0066476315119743