ORIGINAL (multi-point) ERROR; error_threshold = 0.5
prediction_horizon : 1.4039148355068978, median : 1.1782808285655035
ph_min : 0.24378224039286278, ph_max : 3.0066476315119743
stddev : 0.8195621138757084, IQR : 1.2595415753631245
1st quartile : 0.6771728899801743, 3rd quartile : 1.9367144653432988

NEW (cumulative) ERROR; error_threshold = 0.5
prediction_horizon : 1.377234223641679, median : 1.137650455166693
ph_min : 0.24378224039286278, ph_max : 3.0066476315119743
stddev : 0.8188377161719332, IQR : 1.2459981175635209
1st quartile : 0.6636294321805709, 3rd quartile : 1.9096275497440918