error_threshold = 0.5, num_runs : 50
prediction_horizon : 1.506759764581573, median : 1.409516085988598
ph_min : 0.5172536095371002, ph_max : 3.4138738229448617
stddev : 0.5510707901055357, IQR : 0.6465670119213753
1st quartile : 1.1638206214584754, 3rd quartile : 1.8103876333798508