error_threshold = 0.5
prediction_horizon : 1.6358145401610797, median : 1.4741727871807355
ph_min : 0.7241550533519403, ph_max : 3.0000709353151818
stddev : 0.5794697905714004, IQR : 0.8534684557362155
1st quartile : 1.1638206214584754, 3rd quartile : 2.017289077194691