error_threshold = 0.5
prediction_horizon : 1.359730426070652, median : 1.2931340238427504
ph_min : 0.6077729912060927, ph_max : 2.806100831738769
stddev : 0.48221026701268244, IQR : 0.6207043314445204
1st quartile : 1.0086445385973455, 3rd quartile : 1.629348870041866