error_threshold = 0.5
prediction_horizon : 1.0438177840458684, median : 0.9698505178820629
ph_min : 0.4784595888218177, ph_max : 2.2629845417248133
stddev : 0.36878169151096735, IQR : 0.5172536095371003
1st quartile : 0.7370863935903678, 3rd quartile : 1.254340003127468