error_threshold = 0.5
prediction_horizon : 0.49604621154607914, median : 0.4784595888218177
ph_min : 0.2715581450069776, ph_max : 0.7888117545440779
stddev : 0.12637724121848962, IQR : 0.18103876333798502
1st quartile : 0.4008715473912527, 3rd quartile : 0.5819103107292377