error_threshold = 0.5
prediction_horizon : 0.690662882134413, median : 0.5819103107292377
ph_min : 0.3232835059606876, ph_max : 1.8621129943335608
stddev : 0.2719033463280671, IQR : 0.34914618643754264
1st quartile : 0.49139092906024523, 3rd quartile : 0.8405371154977879