prediction_horizon : 1.0740771202037884, median : 0.943987837405208
ph_min : 0.4008715473912527, ph_max : 3.8535393910513966
stddev : 0.4929057127389603, IQR : 0.5560476302523827
1st quantile : 0.7241550533519403, 3rd quantile : 1.280202683604323