error_threshold = 0.5
prediction_horizon : 0.7713544452222005, median : 0.7112237131135127
ph_min : 0.29742082548383264, ph_max : 2.3535039233938058
stddev : 0.29620603146698987, IQR : 0.36207752667597015
1st quartile : 0.5431162900139552, 3rd quartile : 0.9051938166899254