error_threshold = 0.5
prediction_horizon : 0.9430826435885181, median : 0.8793311362130705
ph_min : 0.4138028876296802, ph_max : 2.2629845417248133
stddev : 0.35455582003046526, IQR : 0.4396655681065351
1st quartile : 0.6724296923982302, 3rd quartile : 1.1120952605047654