error_threshold = 0.5
prediction_horizon : 0.9951959447493809, median : 0.8793311362130705
ph_min : 0.36207752667597015, ph_max : 2.4957486660165085
stddev : 0.3929039146962917, IQR : 0.4525969083449626
1st quartile : 0.7241550533519403, 3rd quartile : 1.1767519616969029