error_threshold = 0.5
prediction_horizon : 1.0626975407939725, median : 0.943987837405208
ph_min : 0.4267342278681077, ph_max : 3.0000709353151818
stddev : 0.4297463178709394, IQR : 0.543116290013955
1st quartile : 0.7500177338287954, 3rd quartile : 1.2931340238427504