error_threshold = 0.5
prediction_horizon : 0.7200170244756435, median : 0.6336356716829478
ph_min : 0.2715581450069776, ph_max : 2.0948771186252557
stddev : 0.29257928158630275, IQR : 0.32328350596068767
1st quartile : 0.5301849497755278, 3rd quartile : 0.8534684557362154