error_threshold = 0.5
prediction_horizon : 2.8442186327741843, median : 2.7174063370453987
ph_min : 0.9058021123484662, ph_max : 4.981911617916564
stddev : 1.0398197948025938, IQR : 1.630443802227239
1st quartile : 1.9927646471666258, 3rd quartile : 3.6232084493938648