error_threshold = 0.5
prediction_horizon : 1.5643202480258014, median : 1.449283379757546
ph_min : 0.3623208449393865, ph_max : 3.9855292943332516
stddev : 0.7717790143577588, IQR : 1.1775427460530064
1st quartile : 0.9058021123484662, 3rd quartile : 2.0833448584014724