error_threshold = 0.5
prediction_horizon : 2.8967551552903954, median : 2.8079865482802453
ph_min : 0.6340614786439264, ph_max : 5.797133519030184
stddev : 0.9764177048969038, IQR : 1.268122957287853
1st quartile : 2.2645052808711656, 3rd quartile : 3.5326282381590186