error_threshold = 0.5, num_runs : 100
prediction_horizon : 2.670304627203279, median : 2.7174063370453987
ph_min : 0.6340614786439264, ph_max : 4.891331406681718
stddev : 0.9177237262344005, IQR : 0.9963823235833131
1st quartile : 2.0833448584014724, 3rd quartile : 3.0797271819847856