error_threshold = 0.5
prediction_horizon : 2.518129872328736, median : 2.2645052808711656
ph_min : 0.6340614786439264, ph_max : 5.706553307795338
stddev : 0.9961352560115724, IQR : 1.1775427460530066
1st quartile : 1.8116042246969324, 3rd quartile : 2.989146970749939