error_threshold = 0.5
prediction_horizon : 1.8750103725613252, median : 1.721024013462086
ph_min : 0.5434812674090799, ph_max : 4.891331406681718
stddev : 0.8325991902736597, IQR : 1.1775427460530061
1st quartile : 1.2681229572878527, 3rd quartile : 2.445665703340859