error_threshold = 0.5
prediction_horizon : 2.8451244348865323, median : 2.8079865482802453
ph_min : 0.5434812674090799, ph_max : 6.431194997674111
stddev : 1.0871206612685091, IQR : 1.3587031685226996
1st quartile : 2.0833448584014724, 3rd quartile : 3.442048026924172