error_threshold = 0.5
prediction_horizon : 2.040772159121094, median : 1.8116042246969324
ph_min : 0.5434812674090799, ph_max : 4.981911617916564
stddev : 0.9883172769160468, IQR : 1.3587031685226998
1st quartile : 1.2681229572878527, 3rd quartile : 2.6268261258105525