error_threshold = 0.5, num_runs : 100
prediction_horizon : 2.665775616641537, median : 2.6268261258105525
ph_min : 0.724641689878773, ph_max : 6.250034575204418
stddev : 1.0037051748436725, IQR : 1.177542746053006
1st quartile : 1.9927646471666258, 3rd quartile : 3.1703073932196317