error_threshold = 0.5
prediction_horizon : 2.6159565004623704, median : 2.445665703340859
ph_min : 0.4529010561742331, ph_max : 4.981911617916564
stddev : 1.0621687547177636, IQR : 1.6304438022272396
1st quartile : 1.8116042246969324, 3rd quartile : 3.442048026924172