error_threshold = 0.5
prediction_horizon : 2.92936403133494, median : 2.989146970749939
ph_min : 0.5434812674090799, ph_max : 4.981911617916564
stddev : 1.0964486696916438, IQR : 1.3587031685226991
1st quartile : 2.1739250696363195, 3rd quartile : 3.5326282381590186