error_threshold = 0.5
prediction_horizon : 1.4737400367909546, median : 1.3587031685226993
ph_min : 0.3623208449393865, ph_max : 4.981911617916564
stddev : 0.805385430309061, IQR : 1.0869625348181597
1st quartile : 0.8152219011136196, 3rd quartile : 1.9021844359317792