error_threshold = 0.5, num_runs : 100
prediction_horizon : 1.503631506498454, median : 1.3587031685226993
ph_min : 0.3623208449393865, ph_max : 4.2572699280377915
stddev : 0.8394200667317702, IQR : 0.996382323583313
1st quartile : 0.9058021123484662, 3rd quartile : 1.9021844359317792