error_threshold = 0.5, num_runs : 100
prediction_horizon : 1.8224738500451145, median : 1.721024013462086
ph_min : 0.5434812674090799, ph_max : 3.9855292943332516
stddev : 0.8347427217349374, IQR : 1.0869625348181595
1st quartile : 1.1775427460530061, 3rd quartile : 2.2645052808711656