error_threshold = 0.5, num_runs : 100
prediction_horizon : 2.3614261068924516, median : 2.3550854921060123
ph_min : 0.6340614786439264, ph_max : 5.525392885325645
stddev : 0.9465744756887129, IQR : 1.2681229572878527
1st quartile : 1.6304438022272392, 3rd quartile : 2.898566759515092