prediction_horizon : 2.9404574568160307, median : 2.7026501098313487
ph_min : 1.0862325800279105, ph_max : 6.517395480167464
stddev : 1.0005045632468519, IQR : 1.1379579409816207
1st quantile : 2.3405725831553785, 3rd quantile : 3.4785305241369993