error_threshold = 0.5
prediction_horizon : 0.6263941211494283, median : 0.5560476302523827
ph_min : 0.2715581450069776, ph_max : 1.6552115505187208
stddev : 0.24547294471289527, IQR : 0.2586268047685501
1st quartile : 0.4655282485833902, 3rd quartile : 0.7241550533519403