prediction_horizon : 2.164706355912765, median : 2.0948771186252557
ph_min : 0.7888117545440779, ph_max : 4.797527228456604
stddev : 0.7628153654432973, IQR : 0.9569191776436354
1st quantile : 1.5905548493265833, 3rd quantile : 2.5474740269702187