ORIGINAL (multi-point) ERROR; error_threshold = 0.5
prediction_horizon : 1.8493591625358565, median : 1.692932224950436
ph_min : 0.28441261379167326, ph_max : 3.0066476315119743
stddev : 0.7813375042135867, IQR : 1.3543457799603487
1st quartile : 1.2459981175635209, 3rd quartile : 2.6003438975238695

NEW (cumulative) ERROR; error_threshold = 0.5
prediction_horizon : 1.8727893445291703, median : 1.692932224950436
ph_min : 0.555281769783743, ph_max : 3.0066476315119743
stddev : 0.7763605233728963, IQR : 1.367889237759952
1st quartile : 1.2459981175635209, 3rd quartile : 2.613887355323473