error_threshold = 0.5
prediction_horizon : 2.298324788592712, median : 2.4107354883294208
ph_min : 0.555281769783743, ph_max : 3.0066476315119743
stddev : 0.7098645495947297, IQR : 1.218911201964314
1st quartile : 1.7877364295476603, 3rd quartile : 3.0066476315119743