error_threshold = 0.5
prediction_horizon : 0.8378669539223311, median : 0.724641689878773
ph_min : 0.0, ph_max : 2.989146970749939
stddev : 0.6930866070244331, IQR : 0.9058021123484662
1st quartile : 0.27174063370453994, 3rd quartile : 1.1775427460530061