prediction_horizon : 1.1623981740322487, median : 0.9957131983589179
ph_min : 0.49139092906024523, ph_max : 2.456954645301226
stddev : 0.47470136295518744, IQR : 0.6594983521598027
1st quantile : 0.8017430947825054, 3rd quantile : 1.461241446942308