error_threshold = 0.5
prediction_horizon : 1.4565861644564746, median : 1.409516085988598
ph_min : 0.5560476302523827, ph_max : 3.0000709353151818
stddev : 0.5698526933627324, IQR : 0.8793311362130705
1st quartile : 0.9569191776436354, 3rd quartile : 1.836250313856706