error_threshold = 0.5
prediction_horizon : 1.4797332634832596, median : 1.4483101067038806
ph_min : 0.5172536095371002, ph_max : 3.0000709353151818
stddev : 0.5405215299069892, IQR : 0.814674435020933
1st quartile : 1.0862325800279105, 3rd quartile : 1.9009070150488434