error_threshold = 0.5
prediction_horizon : 1.0116187468521838, median : 0.918125156928353
ph_min : 0.4138028876296802, ph_max : 2.5474740269702187
stddev : 0.41421428364685237, IQR : 0.4913909290602453
1st quartile : 0.7112237131135127, 3rd quartile : 1.202614642173758