error_threshold = 0.5
prediction_horizon : 0.9682987570534516, median : 0.9051938166899254
ph_min : 0.4784595888218177, ph_max : 2.250053201486386
stddev : 0.3316745338570124, IQR : 0.4396655681065351
1st quartile : 0.7241550533519403, 3rd quartile : 1.1638206214584754