error_threshold = 0.5
prediction_horizon : 1.3436955641750021, median : 1.228477322650613
ph_min : 0.49139092906024523, ph_max : 2.5733367074470737
stddev : 0.49113255761362984, IQR : 0.6853610326366579
1st quartile : 0.9698505178820629, 3rd quartile : 1.6552115505187208