res_layer_wt_0 : 0.960391104221344
res_layer_wt_1 : 1.003413438796997
