res_layer_wt_0 : 0.9573986530303955
res_layer_wt_1 : 1.0018810033798218
