error_threshold = 0.5
prediction_horizon : 0.8939435506824935, median : 0.8276057752593604
ph_min : 0.3362148461991151, ph_max : 2.2112591807711035
stddev : 0.37090481055768176, IQR : 0.46552824858339026
1st quartile : 0.6077729912060927, 3rd quartile : 1.073301239789483