error_threshold = 0.5
prediction_horizon : 1.2838234588710826, median : 1.1767519616969029
ph_min : 0.5819103107292377, ph_max : 2.586268047685501
stddev : 0.4450939508725487, IQR : 0.5431162900139554
1st quartile : 0.9698505178820629, 3rd quartile : 1.5129668078960183