res_layer_wt_0 : 1.0277796983718872
res_layer_wt_1 : 1.0500454902648926
