error_threshold = 0.5
prediction_horizon : 1.2483915866177913, median : 1.1638206214584754
ph_min : 0.5560476302523827, ph_max : 2.6121307281623563
stddev : 0.45552257101736876, IQR : 0.5172536095371001
1st quartile : 0.9051938166899254, 3rd quartile : 1.4224474262270255