res_layer_wt_0 : 0.9934506416320801
res_layer_wt_1 : 1.025836706161499
