error_threshold = 0.5
prediction_horizon : 1.2079164916715133, median : 1.1379579409816205
ph_min : 0.5301849497755278, ph_max : 3.0000709353151818
stddev : 0.47245282904300884, IQR : 0.5948416509676651
1st quartile : 0.8793311362130705, 3rd quartile : 1.4741727871807355