error_threshold = 0.5
prediction_horizon : 0.982652544718106, median : 0.8663997959746429
ph_min : 0.4008715473912527, ph_max : 2.2888472222016683
stddev : 0.41261106368852213, IQR : 0.43966556810653523
1st quartile : 0.6982923728750853, 3rd quartile : 1.1379579409816205