res_layer_wt_0 : 0.957385241985321
res_layer_wt_1 : 1.0018081665039062
