res_layer_wt_0 : 0.9573245048522949
res_layer_wt_1 : 1.0018389225006104
