error_threshold = 0.5
prediction_horizon : 2.115217239142073, median : 2.1804967057361617
ph_min : 0.6094556009821569, ph_max : 3.0066476315119743
stddev : 0.7466128355837659, IQR : 1.5304107313551942
1st quartile : 1.47623690015678, 3rd quartile : 3.0066476315119743