prediction_horizon : 2.1145327557876654, median : 2.0948771186252557
ph_min : 0.9310564971667804, ph_max : 4.04750949462781
stddev : 0.7443387276512539, IQR : 0.9957131983589176
1st quantile : 1.5258981481344458, 3rd quantile : 2.5216113464933634