error_threshold = 0.5
prediction_horizon : 0.2221604252961846, median : 0.21983278405326762
ph_min : 0.10345072190742005, ph_max : 0.36207752667597015
stddev : 0.04952483845067336, IQR : 0.06465670119213754
1st quartile : 0.18103876333798508, 3rd quartile : 0.24569546453012261