prediction_horizon : 1.6698239649881441, median : 1.5517608286113007
ph_min : 0.5819103107292377, ph_max : 4.409587021303779
stddev : 0.6844763850015563, IQR : 0.8534684557362155
1st quantile : 1.1638206214584754, 3rd quantile : 2.017289077194691