prediction_horizon : 0.3981559659411829, median : 0.3879402071528252
ph_min : 0.21983278405326762, ph_max : 0.6982923728750853
stddev : 0.10128294243360843, IQR : 0.11638206214584756
1st quantile : 0.3362148461991151, 3rd quantile : 0.4525969083449627