error_threshold = 0.5
prediction_horizon : 0.5687203436860417, median : 0.5172536095371002
ph_min : 0.31035216572226015, ph_max : 1.202614642173758
stddev : 0.19168050217721377, IQR : 0.21983278405326756
1st quartile : 0.43966556810653523, 3rd quartile : 0.6594983521598028