num_runs : 100, error_threshold = 0.5
prediction_horizon : 0.2634114006567682, median : 0.2586268047685501
ph_min : 0.11638206214584755, ph_max : 0.4655282485833902
stddev : 0.07366677076119998, IQR : 0.10345072190742005
1st quartile : 0.2069014438148401, 3rd quartile : 0.31035216572226015