error_threshold = 0.5
prediction_horizon : 0.443286343373295, median : 0.4267342278681077
ph_min : 0.21983278405326762, ph_max : 0.8922624764514979
stddev : 0.12192656177993413, IQR : 0.1551760828611301
1st quartile : 0.34914618643754264, 3rd quartile : 0.5043222692986727