prediction_horizon : 0.7422589296857389, median : 0.6724296923982302
ph_min : 0.3232835059606876, ph_max : 1.8750443345719883
stddev : 0.26317739625949976, IQR : 0.3491461864375427
1st quantile : 0.5689789704908103, 3rd quantile : 0.918125156928353