error_threshold = 0.5
prediction_horizon : 1.395420925128712, median : 1.3060653640811781
ph_min : 0.6207043314445203, ph_max : 2.6509247488776384
stddev : 0.4453944617592164, IQR : 0.7112237131135128
1st quartile : 1.0345072190742004, 3rd quartile : 1.7457309321877132