error_threshold = 0.5
prediction_horizon : 0.7408364822595118, median : 0.6724296923982302
ph_min : 0.2844894852454051, ph_max : 2.043151757671546
stddev : 0.28925355905661104, IQR : 0.2844894852454052
1st quartile : 0.5689789704908103, 3rd quartile : 0.8534684557362154