error_threshold = 0.5
prediction_horizon : 0.8864433733442055, median : 0.7888117545440779
ph_min : 0.29742082548383264, ph_max : 3.0000709353151818
stddev : 0.39587382046144176, IQR : 0.4525969083449627
1st quartile : 0.6336356716829478, 3rd quartile : 1.0862325800279105