error_threshold = 0.5
prediction_horizon : 0.5017360012509873, median : 0.4655282485833902
ph_min : 0.21983278405326762, ph_max : 1.254340003127468
stddev : 0.1705172635123497, IQR : 0.19397010357641253
1st quartile : 0.3879402071528252, 3rd quartile : 0.5819103107292377