error_threshold = 0.5
prediction_horizon : 0.8199762845186881, median : 0.7629490740672229
ph_min : 0.36207752667597015, ph_max : 1.7327995919492858
stddev : 0.2943469319220277, IQR : 0.46552824858339015
1st quartile : 0.5819103107292377, 3rd quartile : 1.0474385593126279