error_threshold = 0.5
prediction_horizon : 0.5072964775535111, median : 0.4655282485833902
ph_min : 0.2844894852454051, ph_max : 1.1120952605047654
stddev : 0.17493054224324653, IQR : 0.18103876333798508
1st quartile : 0.3879402071528252, 3rd quartile : 0.5689789704908103