error_threshold = 0.5
prediction_horizon : 0.6260061809422757, median : 0.5948416509676653
ph_min : 0.3232835059606876, ph_max : 1.2414086628890406
stddev : 0.21205895852264017, IQR : 0.28448948524540507
1st quartile : 0.4525969083449627, 3rd quartile : 0.7370863935903678