error_threshold = 0.5
prediction_horizon : 0.7068270574324476, median : 0.6465670119213752
ph_min : 0.29742082548383264, ph_max : 1.6940055712340034
stddev : 0.2715163920415222, IQR : 0.4008715473912527
1st quartile : 0.49139092906024523, 3rd quartile : 0.8922624764514979