error_threshold = 0.5
prediction_horizon : 0.7725182658436593, median : 0.6982923728750853
ph_min : 0.34914618643754264, ph_max : 1.6422802102802934
stddev : 0.3151249549748533, IQR : 0.4138028876296802
1st quartile : 0.5172536095371002, 3rd quartile : 0.9310564971667804