error_threshold = 0.5
prediction_horizon : 1.955347957452623, median : 1.836250313856706
ph_min : 0.6465670119213752, ph_max : 3.918196092243534
stddev : 0.7291264724985611, IQR : 0.8922624764514979
1st quartile : 1.4483101067038806, 3rd quartile : 2.3405725831553785