error_threshold = 0.5
prediction_horizon : 1.8721625, median : 1.3650000000000002
ph_min : 0.1625, ph_max : 5.005000000000001
stddev : 1.4394717331259934, IQR : 1.69
1st quartile : 0.8612500000000001, 3rd quartile : 2.55125