prediction_horizon : 1.7547828703546124, median : 1.6681428907571483
ph_min : 0.814674435020933, ph_max : 3.7242259886671216
stddev : 0.6359682561599368, IQR : 0.7758804143056504
1st quantile : 1.3060653640811781, 3rd quantile : 2.0819457783868285