error_threshold = 0.5, num_runs : 100
prediction_horizon : 2.9031756139230036, median : 2.6003438975238695
ph_min : 0.9751289615714511, ph_max : 7.814575150371212
stddev : 1.379466858104286, IQR : 1.4356065267579696
1st quartile : 1.977344838742109, 3rd quartile : 3.4129513655000787