ORIGINAL (multi-point) ERROR; error_threshold = 0.5
prediction_horizon : 2.299137396060688, median : 2.112779416738144
ph_min : 0.6771728899801743, ph_max : 4.997535928053687
stddev : 1.0648054289013935, IQR : 1.4356065267579696
1st quartile : 1.4897803579563837, 3rd quartile : 2.9253868847143534

NEW (cumulative) ERROR; error_threshold = 0.5
prediction_horizon : 2.302794129666581, median : 2.112779416738144
ph_min : 0.6636294321805709, ph_max : 4.997535928053687
stddev : 1.0717701649979305, IQR : 1.4085196111587628
1st quartile : 1.4897803579563837, 3rd quartile : 2.8982999691151465