ORIGINAL (multi-point) ERROR; error_threshold = 0.5
prediction_horizon : 1.7448036683229171, median : 1.4626934423571767
ph_min : 0.28441261379167326, ph_max : 4.997535928053687
stddev : 1.0393067293070593, IQR : 1.1782808285655035
1st quartile : 1.0157593349702616, 3rd quartile : 2.194040163535765

NEW (cumulative) ERROR; error_threshold = 0.5
prediction_horizon : 1.7939664201354777, median : 1.47623690015678
ph_min : 0.3250429871904837, ph_max : 4.997535928053687
stddev : 1.0855829881506602, IQR : 1.1241069973670896
1st quartile : 1.083476623968279, 3rd quartile : 2.2075836213353686