error_threshold = 0.5, num_runs : 100
prediction_horizon : 2.7632716948531, median : 2.546170066325456
ph_min : 0.9886724193710545, ph_max : 8.00418355956566
stddev : 1.2307247274483675, IQR : 1.300171948761935
1st quartile : 1.9502579231429022, 3rd quartile : 3.2504298719048372