ORIGINAL (multi-point) ERROR; error_threshold = 0.5
prediction_horizon : 2.7673347321929818, median : 2.546170066325456
ph_min : 0.9886724193710545, ph_max : 4.997535928053687
stddev : 1.1277042175591785, IQR : 1.449149984557573
1st quartile : 1.8825406341448847, 3rd quartile : 3.3316906187024578

NEW (cumulative) ERROR; error_threshold = 0.5
prediction_horizon : 2.7173593729124446, median : 2.505539692926645
ph_min : 0.9344985881726406, ph_max : 4.997535928053687
stddev : 1.1114773800195263, IQR : 1.3543457799603487
1st quartile : 1.8825406341448847, 3rd quartile : 3.2368864141052334