error_threshold = 0.5, num_runs : 100
prediction_horizon : 2.232774452842631, median : 2.05860558553973
ph_min : 0.7448901789781919, ph_max : 5.945577974025931
stddev : 1.053073335677465, IQR : 1.1647373707659001
1st quartile : 1.4626934423571767, 3rd quartile : 2.627430813123077