ORIGINAL (multi-point) ERROR; error_threshold = 0.5
prediction_horizon : 2.2571526768819172, median : 2.112779416738144
ph_min : 0.7178032633789848, ph_max : 4.997535928053687
stddev : 1.041799572342385, IQR : 1.3678892377599523
1st quartile : 1.4626934423571767, 3rd quartile : 2.830582680117129

NEW (cumulative) ERROR; error_threshold = 0.5
prediction_horizon : 2.2618928871117783, median : 2.0992359589385408
ph_min : 0.7313467211785883, ph_max : 4.997535928053687
stddev : 1.0554229837284719, IQR : 1.3678892377599523
1st quartile : 1.4626934423571767, 3rd quartile : 2.830582680117129