error_threshold = 0.5, num_runs : 100
prediction_horizon : 2.2106986166292772, median : 2.01797521214092
ph_min : 0.6771728899801743, ph_max : 7.408271416383108
stddev : 1.024943357755032, IQR : 1.2459981175635209
1st quartile : 1.4897803579563837, 3rd quartile : 2.7357784755199046