error_threshold = 0.5, num_runs : 100
prediction_horizon : 1.8484111204898839, median : 1.6252149359524186
ph_min : 0.33858644499008717, ph_max : 6.067469094222362
stddev : 1.0272236968039627, IQR : 1.0428462505694687
1st quartile : 1.1647373707659, 3rd quartile : 2.2075836213353686