error_threshold = 0.5
prediction_horizon : 0.2777651883214228, median : 0.24569546453012261
ph_min : 0.06465670119213753, ph_max : 0.7500177338287954
stddev : 0.12984868649113754, IQR : 0.12931340238427502
1st quartile : 0.1939701035764126, 3rd quartile : 0.3232835059606876