error_threshold = 0.5
prediction_horizon : 0.19875469946463073, median : 0.18103876333798508
ph_min : 0.07758804143056504, ph_max : 0.5301849497755278
stddev : 0.07729989180050943, IQR : 0.09051938166899254
1st quartile : 0.14224474262270256, 3rd quartile : 0.2327641242916951