error_threshold = 0.5
prediction_horizon : 0.2985846461052911, median : 0.2844894852454051
ph_min : 0.09051938166899254, ph_max : 0.8405371154977879
stddev : 0.1192925073253501, IQR : 0.14224474262270254
1st quartile : 0.2069014438148401, 3rd quartile : 0.34914618643754264