error_threshold = 0.5
prediction_horizon : 0.30492100282212065, median : 0.2844894852454051
ph_min : 0.07758804143056504, ph_max : 0.9698505178820629
stddev : 0.1316608583351163, IQR : 0.14224474262270254
1st quartile : 0.21983278405326762, 3rd quartile : 0.36207752667597015