prediction_horizon : 2.8214891266224975, median : 2.7543754707850585
ph_min : 1.0474385593126279, ph_max : 5.8708284682460885
stddev : 0.925433593468144, IQR : 1.1379579409816207
1st quantile : 2.1336711393405383, 3rd quantile : 3.271629080322159