error_threshold = 0.5
prediction_horizon : 0.9332548250073133, median : 0.8922624764514979
ph_min : 0.4008715473912527, ph_max : 2.0043577369562633
stddev : 0.3386631600906531, IQR : 0.4396655681065351
1st quartile : 0.6594983521598028, 3rd quartile : 1.099163920266338