error_threshold = 0.5
prediction_horizon : 2.4906117927741933, median : 2.3186399752921174
ph_min : 0.4821470976658842, ph_max : 5.000244619613608
stddev : 1.1467904882778246, IQR : 1.3651805462000315
1st quartile : 1.5981280203532116, 3rd quartile : 2.963308566553243