prediction_horizon : 1.7543949301474595, median : 1.6681428907571483
ph_min : 0.7241550533519403, ph_max : 3.7371573289055493
stddev : 0.6554928255073502, IQR : 0.8276057752593602
1st quantile : 1.2672713433658955, 3rd quantile : 2.0948771186252557