i : 5, name : attention_module_3, lambda_att : 0.16190528869628906
i : 11, name : attention_module_4, lambda_att : 0.43325507640838623
