i : 8, name : attention_module, lambda_att : -0.331837922334671
i : 13, name : attention_module_1, lambda_att : -0.13448671996593475
i : 18, name : attention_module_2, lambda_att : 0.10418731719255447
