error_threshold = 0.5
prediction_horizon : 1.096319025413884, median : 0.943987837405208
ph_min : 0.4655282485833902, ph_max : 2.586268047685501
stddev : 0.4649552530973928, IQR : 0.5560476302523827
1st quartile : 0.7500177338287954, 3rd quartile : 1.3060653640811781