error_threshold = 0.5
prediction_horizon : 1.1136470213333767, median : 1.073301239789483
ph_min : 0.4655282485833902, ph_max : 2.3405725831553785
stddev : 0.4259665913978573, IQR : 0.5172536095371002
1st quartile : 0.7888117545440779, 3rd quartile : 1.3060653640811781