error_threshold = 0.5
prediction_horizon : 0.4214323783703524, median : 0.36207752667597015
ph_min : 0.14224474262270256, ph_max : 0.9698505178820629
stddev : 0.15999464996485263, IQR : 0.15517608286113005
1st quartile : 0.31035216572226015, 3rd quartile : 0.4655282485833902