error_threshold = 0.5
prediction_horizon : 0.7570006575575462, median : 0.6724296923982302
ph_min : 0.31035216572226015, ph_max : 2.2371218612479584
stddev : 0.2994962050218167, IQR : 0.40087154739125264
1st quartile : 0.5301849497755278, 3rd quartile : 0.9310564971667804