error_threshold = 0.5
prediction_horizon : 0.9790317694513465, median : 0.8793311362130705
ph_min : 0.4525969083449627, ph_max : 3.0000709353151818
stddev : 0.45939683209295934, IQR : 0.4913909290602452
1st quartile : 0.6594983521598028, 3rd quartile : 1.150889281220048