error_threshold = 0.5
prediction_horizon : 2.131084871292853, median : 1.9138383552872709
ph_min : 0.6465670119213752, ph_max : 5.004428672271445
stddev : 0.8801389738994895, IQR : 1.1379579409816203
1st quartile : 1.5258981481344458, 3rd quartile : 2.663856089116066