prediction_horizon : 0.38431943188606554, median : 0.3750088669143977
ph_min : 0.1939701035764126, ph_max : 0.7758804143056504
stddev : 0.11022903794916127, IQR : 0.11638206214584756
1st quantile : 0.31035216572226015, 3rd quantile : 0.4267342278681077