error_threshold = 0.5
prediction_horizon : 2.556913905344271, median : 2.4828173257780812
ph_min : 0.9310564971667804, ph_max : 5.004428672271445
stddev : 0.9619663115419438, IQR : 1.1508892812200482
1st quartile : 1.836250313856706, 3rd quartile : 2.987139595076754