error_threshold = 0.5
prediction_horizon : 0.8078208246945664, median : 0.7370863935903678
ph_min : 0.3750088669143977, ph_max : 1.7715936126645684
stddev : 0.30614496711472927, IQR : 0.4784595888218177
1st quartile : 0.5431162900139552, 3rd quartile : 1.021575878835773