error_threshold = 0.5
prediction_horizon : 0.5507457807546274, median : 0.5172536095371002
ph_min : 0.2327641242916951, ph_max : 1.073301239789483
stddev : 0.17280736907495026, IQR : 0.23276412429169502
1st quartile : 0.4138028876296802, 3rd quartile : 0.6465670119213752