i : 5, name : attention_module_3, lambda_att : 0.41245752573013306
i : 11, name : attention_module_4, lambda_att : -0.2322934865951538
