prediction_horizon : 0.366732809161804, median : 0.34914618643754264
ph_min : 0.16810742309955756, ph_max : 0.7112237131135127
stddev : 0.10342679616124462, IQR : 0.1422447426227026
1st quantile : 0.2844894852454051, 3rd quantile : 0.4267342278681077