error_threshold = 0.5, num_runs : 100
prediction_horizon : 2.901414964409055, median : 2.3971920305298173
ph_min : 0.7178032633789848, ph_max : 8.00418355956566
stddev : 1.554973993083431, IQR : 1.9502579231429025
1st quartile : 1.8283668029464708, 3rd quartile : 3.7786247260893733