error_threshold = 0.5, num_runs : 100
prediction_horizon : 3.0107106688518552, median : 2.7086915599206973
ph_min : 1.1241069973670894, ph_max : 7.760401319172798
stddev : 1.2093155125409039, IQR : 1.381432695559556
1st quartile : 2.2346705369345754, 3rd quartile : 3.6161032324941313