error_threshold = 0.5, num_runs : 100
prediction_horizon : 2.9753622439948906, median : 2.803495764517922
ph_min : 0.9886724193710545, ph_max : 7.543705994379143
stddev : 1.280221014911658, IQR : 1.2866284909623316
1st quartile : 2.139866332337351, 3rd quartile : 3.4264948232996826