error_threshold = 0.5
prediction_horizon : 1.349126727075142, median : 1.1896833019353306
ph_min : 0.5689789704908103, ph_max : 3.0000709353151818
stddev : 0.5385590550539171, IQR : 0.6853610326366579
1st quartile : 0.9569191776436354, 3rd quartile : 1.6422802102802934