error_threshold = 0.5
prediction_horizon : 1.2527882422988568, median : 1.125026600743193
ph_min : 0.6336356716829478, ph_max : 3.0000709353151818
stddev : 0.512255029200061, IQR : 0.5301849497755278
1st quartile : 0.9051938166899254, 3rd quartile : 1.4353787664654531