error_threshold = 0.5
prediction_horizon : 1.0546801098461474, median : 0.9957131983589179
ph_min : 0.4784595888218177, ph_max : 2.327641242916951
stddev : 0.3685151551379576, IQR : 0.4525969083449627
1st quartile : 0.7888117545440779, 3rd quartile : 1.2414086628890406