error_threshold = 0.5
prediction_horizon : 0.733465618323608, median : 0.6594983521598028
ph_min : 0.29742082548383264, ph_max : 1.5000354676575909
stddev : 0.249799757197582, IQR : 0.3491461864375427
1st quartile : 0.5431162900139552, 3rd quartile : 0.8922624764514979