error_threshold = 0.5
prediction_horizon : 2.4529121202396467, median : 2.445665703340859
ph_min : 0.8152219011136196, ph_max : 5.434812674090797
stddev : 0.9825911521562825, IQR : 1.4492833797575464
1st quartile : 1.6304438022272392, 3rd quartile : 3.0797271819847856