error_threshold = 0.5
prediction_horizon : 2.4637817455878284, median : 2.445665703340859
ph_min : 0.8152219011136196, ph_max : 5.88771373026503
stddev : 1.079311774822397, IQR : 1.6304438022272392
1st quartile : 1.6304438022272392, 3rd quartile : 3.2608876044544783