error_threshold = 0.5
prediction_horizon : 2.3904117744876023, median : 2.3550854921060123
ph_min : 0.8152219011136196, ph_max : 4.619590772977178
stddev : 0.9908411107075805, IQR : 1.5398635909923926
1st quartile : 1.6304438022272392, 3rd quartile : 3.1703073932196317