error_threshold = 0.5
prediction_horizon : 2.7925879123703212, median : 2.6268261258105525
ph_min : 0.6340614786439264, ph_max : 7.2464168987877295
stddev : 1.2532226426601791, IQR : 1.7210240134620862
1st quartile : 1.8116042246969324, 3rd quartile : 3.5326282381590186