error_threshold = 0.5, num_runs : 100
prediction_horizon : 2.371730329866563, median : 2.139866332337351
ph_min : 0.7178032633789848, ph_max : 5.850773769428707
stddev : 1.1394005361304442, IQR : 1.218911201964314
1st quartile : 1.5845845625536081, 3rd quartile : 2.803495764517922