ORIGINAL (multi-point) ERROR; error_threshold = 0.5
prediction_horizon : 2.0412699595562374, median : 1.8554537185456779
ph_min : 0.6229990587817604, ph_max : 4.997535928053687
stddev : 1.0682501908071054, IQR : 1.1105635395674858
1st quartile : 1.2324546597639174, 3rd quartile : 2.343018199331403

NEW (cumulative) ERROR; error_threshold = 0.5
prediction_horizon : 2.0336856231884597, median : 1.8283668029464708
ph_min : 0.6094556009821569, ph_max : 4.997535928053687
stddev : 1.076137828522001, IQR : 1.056389708369072
1st quartile : 1.2324546597639174, 3rd quartile : 2.2888443681329895