ORIGINAL (multi-point) ERROR; error_threshold = 0.5
prediction_horizon : 2.4895584127231127, median : 2.2346705369345754
ph_min : 0.7178032633789848, ph_max : 4.997535928053687
stddev : 1.1240211318286804, IQR : 1.273085033162728
1st quartile : 1.6658453093512289, 3rd quartile : 2.938930342513957

NEW (cumulative) ERROR; error_threshold = 0.5
prediction_horizon : 2.442968917892477, median : 2.1263228745377476
ph_min : 0.7178032633789848, ph_max : 4.997535928053687
stddev : 1.1024504092959657, IQR : 1.3001719487619348
1st quartile : 1.6523018515516255, 3rd quartile : 2.95247380031356