error_threshold = 0.5, num_runs : 100
prediction_horizon : 2.0042963197633203, median : 1.8283668029464708
ph_min : 0.6907163477797779, ph_max : 5.1329705060497215
stddev : 0.9603228346109024, IQR : 1.0834766239682792
1st quartile : 1.3001719487619348, 3rd quartile : 2.383648572730214