error_threshold = 0.5, num_runs : 100
prediction_horizon : 2.5632348231529556, median : 2.302387825932593
ph_min : 0.7178032633789848, ph_max : 6.3518817080140355
stddev : 1.1989771915138252, IQR : 1.2866284909623311
1st quartile : 1.774192971748057, 3rd quartile : 3.060821462710388