error_threshold = 0.5, num_runs : 100
prediction_horizon : 1.9346829466733584, median : 1.5439541891547977
ph_min : 0.7042598055793814, ph_max : 6.6498377796053125
stddev : 1.169695965527211, IQR : 0.9886724193710545
1st quartile : 1.137650455166693, 3rd quartile : 2.1263228745377476