ORIGINAL (multi-point) ERROR; error_threshold = 0.5
prediction_horizon : 2.38649269886813, median : 2.0992359589385408
ph_min : 0.7042598055793814, ph_max : 4.997535928053687
stddev : 1.1064454567315862, IQR : 1.3272588643611416
1st quartile : 1.6252149359524186, 3rd quartile : 2.95247380031356

NEW (cumulative) ERROR; error_threshold = 0.5
prediction_horizon : 2.3864926988681305, median : 2.0992359589385408
ph_min : 0.7042598055793814, ph_max : 4.997535928053687
stddev : 1.101778888082186, IQR : 1.3001719487619348
1st quartile : 1.6252149359524186, 3rd quartile : 2.9253868847143534