error_threshold = 0.5, num_runs : 100
prediction_horizon : 2.395295946437873, median : 2.112779416738144
ph_min : 0.7313467211785883, ph_max : 6.378968623613242
stddev : 1.1220949232396578, IQR : 1.3678892377599523
1st quartile : 1.6252149359524186, 3rd quartile : 2.993104173712371