error_threshold = 0.5
prediction_horizon : 0.8850209259179788, median : 0.814674435020933
ph_min : 0.3750088669143977, ph_max : 1.7198682517108583
stddev : 0.29957380369493375, IQR : 0.4525969083449628
1st quartile : 0.6724296923982302, 3rd quartile : 1.125026600743193