prediction_horizon : 1.893148210905787, median : 1.7457309321877132
ph_min : 0.814674435020933, ph_max : 4.267342278681077
stddev : 0.6643764715300164, IQR : 0.8276057752593604
1st quantile : 1.4483101067038806, 3rd quantile : 2.275915881963241