prediction_horizon : 0.3716467184524065, median : 0.34914618643754264
ph_min : 0.1939701035764126, ph_max : 0.6853610326366578
stddev : 0.10260054898357589, IQR : 0.11638206214584756
1st quantile : 0.29742082548383264, 3rd quantile : 0.4138028876296802