error_threshold = 0.5
prediction_horizon : 0.780535696791484, median : 0.6982923728750853
ph_min : 0.3362148461991151, ph_max : 1.6552115505187208
stddev : 0.3080131238424595, IQR : 0.3362148461991151
1st quartile : 0.5689789704908103, 3rd quartile : 0.9051938166899254