error_threshold = 0.5, num_runs : 100
prediction_horizon : 2.7717544637863067, median : 2.6268261258105525
ph_min : 0.09058021123484662, ph_max : 6.7935158426134965
stddev : 1.4246168122395426, IQR : 1.6304438022272394
1st quartile : 1.9021844359317792, 3rd quartile : 3.5326282381590186