error_threshold = 0.5
prediction_horizon : 0.11374999999999999, median : 0.11375
ph_min : 0.0325, ph_max : 0.21125000000000002
stddev : 0.04075773769259258, IQR : 0.0325
1st quartile : 0.0975, 3rd quartile : 0.13