error_threshold = 0.5
prediction_horizon : 0.05107879394178866, median : 0.051725360953710026
ph_min : 0.025862680476855013, ph_max : 0.07758804143056504
stddev : 0.011328769243735846, IQR : 0.012931340238427506
1st quartile : 0.03879402071528252, 3rd quartile : 0.051725360953710026