error_threshold = 0.5
prediction_horizon : 0.5424697230020339, median : 0.49139092906024523
ph_min : 0.2586268047685501, ph_max : 1.1379579409816205
stddev : 0.1960228678666782, IQR : 0.23276412429169507
1st quartile : 0.4008715473912527, 3rd quartile : 0.6336356716829478