error_threshold = 0.5
prediction_horizon : 0.7629490740672229, median : 0.6594983521598028
ph_min : 0.34914618643754264, ph_max : 1.629348870041866
stddev : 0.28569776303619693, IQR : 0.3750088669143977
1st quartile : 0.5431162900139552, 3rd quartile : 0.918125156928353