error_threshold = 0.5
prediction_horizon : 0.8272178350522075, median : 0.7370863935903678
ph_min : 0.36207752667597015, ph_max : 2.0948771186252557
stddev : 0.3403446946269898, IQR : 0.40087154739125264
1st quartile : 0.5948416509676653, 3rd quartile : 0.9957131983589179