error_threshold = 0.5
prediction_horizon : 0.8016137813801211, median : 0.7112237131135127
ph_min : 0.3362148461991151, ph_max : 1.9526323760025535
stddev : 0.3178716763518999, IQR : 0.42673422786810766
1st quartile : 0.5689789704908103, 3rd quartile : 0.9957131983589179