prediction_horizon : 0.3491461864375427, median : 0.3362148461991151
ph_min : 0.16810742309955756, ph_max : 0.7758804143056504
stddev : 0.10008222452404954, IQR : 0.11638206214584756
1st quantile : 0.2844894852454051, 3rd quantile : 0.4008715473912527