error_threshold = 0.5
prediction_horizon : 0.6975164924607797, median : 0.6207043314445203
ph_min : 0.34914618643754264, ph_max : 2.017289077194691
stddev : 0.29454413984423833, IQR : 0.3750088669143977
1st quartile : 0.4784595888218177, 3rd quartile : 0.8534684557362154