error_threshold = 0.5
prediction_horizon : 0.6754039006530685, median : 0.5819103107292377
ph_min : 0.31035216572226015, ph_max : 1.9009070150488434
stddev : 0.31210831093794905, IQR : 0.25862680476855004
1st quartile : 0.4784595888218177, 3rd quartile : 0.7370863935903678