error_threshold = 0.5
prediction_horizon : 0.7038528491776092, median : 0.6077729912060927
ph_min : 0.34914618643754264, ph_max : 1.7327995919492858
stddev : 0.28018520237030775, IQR : 0.37500886691439766
1st quartile : 0.49139092906024523, 3rd quartile : 0.8663997959746429