error_threshold = 0.5
prediction_horizon : 0.683550645003278, median : 0.6077729912060927
ph_min : 0.3362148461991151, ph_max : 1.7198682517108583
stddev : 0.26889738709839084, IQR : 0.33621484619911524
1st quartile : 0.4784595888218177, 3rd quartile : 0.814674435020933