error_threshold = 0.5
prediction_horizon : 0.6063505437798657, median : 0.5431162900139552
ph_min : 0.29742082548383264, ph_max : 1.3189967043196056
stddev : 0.21515741197907226, IQR : 0.24569546453012253
1st quartile : 0.4655282485833902, 3rd quartile : 0.7112237131135127