num_runs : 100, error_threshold = 0.5
prediction_horizon : 0.42414795982042214, median : 0.4008715473912527
ph_min : 0.1939701035764126, ph_max : 0.8534684557362154
stddev : 0.12988113507864013, IQR : 0.12931340238427508
1st quartile : 0.3362148461991151, 3rd quartile : 0.4655282485833902