error_threshold = 0.5
prediction_horizon : 0.35186176788761236, median : 0.31035216572226015
ph_min : 0.15517608286113008, ph_max : 0.6724296923982302
stddev : 0.11565123014113099, IQR : 0.1422447426227026
1st quartile : 0.2715581450069776, 3rd quartile : 0.4138028876296802