error_threshold = 0.5
prediction_horizon : 0.32186105853446056, median : 0.31035216572226015
ph_min : 0.14224474262270256, ph_max : 0.5301849497755278
stddev : 0.08737788029616528, IQR : 0.1293134023842751
1st quartile : 0.24569546453012261, 3rd quartile : 0.3750088669143977