error_threshold = 0.5
prediction_horizon : 1.2482622732154072, median : 1.1638206214584754
ph_min : 0.5172536095371002, ph_max : 3.0000709353151818
stddev : 0.44011206214745885, IQR : 0.5301849497755277
1st quartile : 0.9310564971667804, 3rd quartile : 1.461241446942308