error_threshold = 0.5
prediction_horizon : 1.2004163143332256, median : 1.099163920266338
ph_min : 0.5689789704908103, ph_max : 3.0000709353151818
stddev : 0.46238919692087266, IQR : 0.5172536095371002
1st quartile : 0.8663997959746429, 3rd quartile : 1.383653405511743