error_threshold = 0.5
prediction_horizon : 1.0285588025645236, median : 0.9569191776436354
ph_min : 0.4267342278681077, ph_max : 2.4181606245859433
stddev : 0.40345541152878356, IQR : 0.4525969083449626
1st quartile : 0.7500177338287954, 3rd quartile : 1.202614642173758