prediction_horizon : 1.936597514106903, median : 1.8750443345719883
ph_min : 0.6465670119213752, ph_max : 3.944058772720389
stddev : 0.728999921888429, IQR : 1.0086445385973453
1st quantile : 1.409516085988598, 3rd quantile : 2.4181606245859433