error_threshold = 0.5
prediction_horizon : 0.6703606779600818, median : 0.6207043314445203
ph_min : 0.2844894852454051, ph_max : 1.383653405511743
stddev : 0.2465089284508848, IQR : 0.3232835059606877
1st quartile : 0.49139092906024523, 3rd quartile : 0.814674435020933