error_threshold = 0.5
prediction_horizon : 1.09075854911136, median : 1.021575878835773
ph_min : 0.4138028876296802, ph_max : 2.4698859855396536
stddev : 0.38330627997978406, IQR : 0.6077729912060927
1st quartile : 0.7629490740672229, 3rd quartile : 1.3707220652733156