prediction_horizon : 2.759030753270892, median : 2.6767874293544938
ph_min : 0.9051938166899254, ph_max : 5.1854674356094295
stddev : 0.8764902478156822, IQR : 1.1638206214584756
1st quantile : 2.1336711393405383, 3rd quantile : 3.297491760799014