error_threshold = 0.5, num_runs : 100
prediction_horizon : 2.5616083737214628, median : 2.5362459145757055
ph_min : 0.5434812674090799, ph_max : 5.072491829151411
stddev : 0.8126090036836598, IQR : 0.9058021123484665
1st quartile : 2.0833448584014724, 3rd quartile : 2.989146970749939