error_threshold = 0.5, num_runs : 100
prediction_horizon : 2.5434923314744937, median : 2.445665703340859
ph_min : 0.5434812674090799, ph_max : 6.068874152734724
stddev : 1.0286881578189082, IQR : 1.2681229572878532
1st quartile : 1.8116042246969324, 3rd quartile : 3.0797271819847856