error_threshold = 0.5, num_runs : 100
prediction_horizon : 1.5625086438011044, median : 1.3587031685226993
ph_min : 0.3623208449393865, ph_max : 7.065256476318037
stddev : 1.0601658218144607, IQR : 1.0869625348181597
1st quartile : 0.9058021123484662, 3rd quartile : 1.9927646471666258