error_threshold = 0.5, num_runs : 100
prediction_horizon : 1.8134158289216293, median : 1.6304438022272392
ph_min : 0.6340614786439264, ph_max : 5.434812674090797
stddev : 0.8782992840224378, IQR : 1.177542746053006
1st quartile : 1.0869625348181597, 3rd quartile : 2.2645052808711656