error_threshold = 0.5
prediction_horizon : 2.7219353476071415, median : 2.7174063370453987
ph_min : 0.0, ph_max : 4.981911617916564
stddev : 1.1813948140762023, IQR : 1.5398635909923928
1st quartile : 1.9021844359317792, 3rd quartile : 3.442048026924172