error_threshold = 0.5
prediction_horizon : 2.318853407612074, median : 2.2645052808711656
ph_min : 0.27174063370453994, ph_max : 7.065256476318037
stddev : 0.9441221954073756, IQR : 1.1775427460530061
1st quartile : 1.6304438022272392, 3rd quartile : 2.8079865482802453