error_threshold = 0.5
prediction_horizon : 1.759067702180721, median : 1.5398635909923928
ph_min : 0.3623208449393865, ph_max : 4.981911617916564
stddev : 0.8705300255965881, IQR : 0.9963823235833134
1st quartile : 1.1775427460530061, 3rd quartile : 2.1739250696363195