error_threshold = 0.5
prediction_horizon : 1.3913120445672442, median : 1.2681229572878527
ph_min : 0.27174063370453994, ph_max : 4.438430350507485
stddev : 0.7766184827228385, IQR : 1.0869625348181593
1st quartile : 0.724641689878773, 3rd quartile : 1.8116042246969324