error_threshold = 0.5
prediction_horizon : 2.181171486535106, median : 2.0833448584014724
ph_min : 0.0, ph_max : 4.981911617916564
stddev : 0.8929095651941169, IQR : 1.0869625348181595
1st quartile : 1.6304438022272392, 3rd quartile : 2.7174063370453987