error_threshold = 0.5
prediction_horizon : 2.6829858567761575, median : 2.6268261258105525
ph_min : 0.6340614786439264, ph_max : 4.981911617916564
stddev : 0.9769889373943274, IQR : 1.3587031685226996
1st quartile : 2.0833448584014724, 3rd quartile : 3.442048026924172