error_threshold = 0.5
prediction_horizon : 2.692043877899642, median : 2.7174063370453987
ph_min : 0.09058021123484662, ph_max : 4.981911617916564
stddev : 1.1171944548898658, IQR : 1.5398635909923928
1st quartile : 1.9021844359317792, 3rd quartile : 3.442048026924172