error_threshold = 0.5, num_runs : 100
prediction_horizon : 2.233708009051318, median : 2.1739250696363195
ph_min : 0.8152219011136196, ph_max : 4.981911617916564
stddev : 0.8382678590524284, IQR : 1.0869625348181595
1st quartile : 1.6304438022272392, 3rd quartile : 2.7174063370453987