error_threshold = 0.5
prediction_horizon : 1.567037654362847, median : 1.449283379757546
ph_min : 0.3623208449393865, ph_max : 4.891331406681718
stddev : 0.8439528949370365, IQR : 1.1775427460530064
1st quartile : 0.9058021123484662, 3rd quartile : 2.0833448584014724