error_threshold = 0.5
prediction_horizon : 1.8596117366514013, median : 1.721024013462086
ph_min : 0.5434812674090799, ph_max : 5.1630720403862576
stddev : 0.8677239116939541, IQR : 1.2681229572878527
1st quartile : 1.1775427460530061, 3rd quartile : 2.445665703340859