error_threshold = 0.5
prediction_horizon : 2.725558556056535, median : 2.7174063370453987
ph_min : 0.09058021123484662, ph_max : 5.706553307795338
stddev : 0.9489845396844683, IQR : 0.9963823235833127
1st quartile : 2.2645052808711656, 3rd quartile : 3.2608876044544783