error_threshold = 0.5
prediction_horizon : 1.4076164825895168, median : 1.3587031685226993
ph_min : 0.09058021123484662, ph_max : 2.989146970749939
stddev : 0.722648448373982, IQR : 1.268122957287853
1st quartile : 0.724641689878773, 3rd quartile : 1.9927646471666258