prediction_horizon : 0.8348473257928797, median : 0.7758804143056504
ph_min : 0.3879402071528252, ph_max : 1.887975674810416
stddev : 0.2859979824415593, IQR : 0.3491461864375427
1st quantile : 0.6336356716829478, 3rd quantile : 0.9827818581204905