prediction_horizon : 0.9871785138015557, median : 0.9310564971667804
ph_min : 0.4784595888218177, ph_max : 2.3535039233938058
stddev : 0.35254552358625496, IQR : 0.40087154739125275
1st quantile : 0.7370863935903678, 3rd quantile : 1.1379579409816205