ORIGINAL (multi-point) ERROR; error_threshold = 0.5
prediction_horizon : 1.6349662255681334, median : 1.638758393752022
ph_min : 0.13543457799603487, ph_max : 3.0066476315119743
stddev : 0.8058507164082009, IQR : 1.1647373707659
1st quartile : 0.9751289615714511, 3rd quartile : 2.139866332337351

NEW (cumulative) ERROR; error_threshold = 0.5
prediction_horizon : 1.6390292629080145, median : 1.638758393752022
ph_min : 0.28441261379167326, ph_max : 3.0066476315119743
stddev : 0.8088177036844727, IQR : 1.1918242863651067
1st quartile : 0.9615855037718476, 3rd quartile : 2.1534097901369544