error_threshold = 0.5
prediction_horizon : 2.1032989962784217, median : 2.0992359589385408
ph_min : 0.3927602761885011, ph_max : 3.0066476315119743
stddev : 0.7712627624906137, IQR : 1.449149984557573
1st quartile : 1.5168672735555906, 3rd quartile : 2.9660172581131636