error_threshold = 0.5, num_runs : 100
prediction_horizon : 2.1530034864029663, median : 1.8960840919444883
ph_min : 0.5011079385853291, ph_max : 6.297707876815622
stddev : 1.0319518611780782, IQR : 0.9615855037718477
1st quartile : 1.5033238157559872, 3rd quartile : 2.464909319527835