error_threshold = 0.5, num_runs : 100
prediction_horizon : 1.4618808348892003, median : 1.083476623968279
ph_min : 0.40630373398810465, ph_max : 4.5235149050675645
stddev : 0.9505246390830704, IQR : 1.1511939129662965
1st quartile : 0.8126074679762093, 3rd quartile : 1.9638013809425057