ORIGINAL (multi-point) ERROR; error_threshold = 0.5
prediction_horizon : 1.9659683341904424, median : 1.9231710075436952
ph_min : 0.5959121431825535, ph_max : 3.0066476315119743
stddev : 0.6668326618167515, IQR : 0.9886724193710548
1st quartile : 1.4626934423571767, 3rd quartile : 2.4513658617282315

NEW (cumulative) ERROR; error_threshold = 0.5
prediction_horizon : 1.9605509510706012, median : 1.9231710075436952
ph_min : 0.5146513963849325, ph_max : 3.0066476315119743
stddev : 0.6726399459089537, IQR : 0.9344985881726406
1st quartile : 1.4626934423571767, 3rd quartile : 2.3971920305298173