ORIGINAL (multi-point) ERROR; error_threshold = 0.5
prediction_horizon : 2.0159436934709793, median : 1.9908882965417127
ph_min : 0.3521299027896907, ph_max : 3.0066476315119743
stddev : 0.670901330023089, IQR : 1.0293027927698652
1st quartile : 1.5168672735555906, 3rd quartile : 2.546170066325456

NEW (cumulative) ERROR; error_threshold = 0.5
prediction_horizon : 2.0365297493263768, median : 1.9908882965417127
ph_min : 0.33858644499008717, ph_max : 3.0066476315119743
stddev : 0.6808000143085917, IQR : 1.0699331661686753
1st quartile : 1.5439541891547977, 3rd quartile : 2.613887355323473