error_threshold = 0.5, num_runs : 100
prediction_horizon : 1.8779358584930192, median : 1.638758393752022
ph_min : 0.4740210229861221, ph_max : 4.130754628879064
stddev : 0.8847791198893871, IQR : 1.0970200817678826
1st quartile : 1.2189112019643138, 3rd quartile : 2.3159312837321964