error_threshold = 0.5, num_runs : 100
prediction_horizon : 2.0963918328006237, median : 1.8960840919444883
ph_min : 0.48756448078572556, ph_max : 5.485100408839412
stddev : 0.9588907668455051, IQR : 1.1241069973670896
1st quartile : 1.4356065267579696, 3rd quartile : 2.5597135241250593