ORIGINAL (multi-point) ERROR; error_threshold = 0.5
prediction_horizon : 1.7083717668419842, median : 1.611671478152815
ph_min : 0.5011079385853291, ph_max : 3.0066476315119743
stddev : 0.7045905529154494, IQR : 1.110563539567486
1st quartile : 1.0970200817678826, 3rd quartile : 2.2075836213353686

NEW (cumulative) ERROR; error_threshold = 0.5
prediction_horizon : 1.7094552434659525, median : 1.6252149359524186
ph_min : 0.48756448078572556, ph_max : 3.0066476315119743
stddev : 0.7118155393212288, IQR : 1.1241069973670896
1st quartile : 1.083476623968279, 3rd quartile : 2.2075836213353686