error_threshold = 0.5, num_runs : 100
prediction_horizon : 1.8419102607460744, median : 1.5168672735555906
ph_min : 0.4740210229861221, ph_max : 4.631862567464393
stddev : 0.9935674856325002, IQR : 0.9615855037718477
1st quartile : 1.1511939129662965, 3rd quartile : 2.112779416738144