ORIGINAL (multi-point) ERROR; error_threshold = 0.5
prediction_horizon : 1.4444097743277124, median : 1.137650455166693
ph_min : 0.23023878259325928, ph_max : 3.0066476315119743
stddev : 0.8546820607644178, IQR : 1.1376504551666928
1st quartile : 0.8396943835754163, 3rd quartile : 1.977344838742109

NEW (cumulative) ERROR; error_threshold = 0.5
prediction_horizon : 1.4643186572931293, median : 1.191824286365107
ph_min : 0.2166953247936558, ph_max : 3.0066476315119743
stddev : 0.879138968302268, IQR : 1.110563539567486
1st quartile : 0.8396943835754163, 3rd quartile : 1.9502579231429022