prediction_horizon : 2.1269468424165563, median : 2.043151757671546
ph_min : 0.9051938166899254, ph_max : 4.241479598204222
stddev : 0.6758242550382915, IQR : 0.82760577525936
1st quantile : 1.6940055712340034, 3rd quantile : 2.5216113464933634