error_threshold = 0.5
prediction_horizon : 0.4644937413643159, median : 0.4525969083449627
ph_min : 0.18103876333798508, ph_max : 0.7241550533519403
stddev : 0.12711816592523226, IQR : 0.19397010357641253
1st quartile : 0.3750088669143977, 3rd quartile : 0.5689789704908103