prediction_horizon : 2.2240612076071464, median : 2.2371218612479584
ph_min : 0.8663997959746429, ph_max : 4.04750949462781
stddev : 0.7183461229821296, IQR : 1.060369899551055
1st quantile : 1.629348870041866, 3rd quantile : 2.689718769592921