error_threshold = 0.5
prediction_horizon : 0.37707788135254616, median : 0.36207752667597015
ph_min : 0.14224474262270256, ph_max : 0.6982923728750853
stddev : 0.11759303215921106, IQR : 0.1551760828611301
1st quartile : 0.2844894852454051, 3rd quartile : 0.43966556810653523