prediction_horizon : 2.94498342589948, median : 2.819032171977196
ph_min : 0.8922624764514979, ph_max : 6.375150737544761
stddev : 0.9470873687715371, IQR : 1.2672713433658958
1st quantile : 2.275915881963241, 3rd quantile : 3.5431872253291368