error_threshold = 0.5
prediction_horizon : 2.0207805390590665, median : 1.887975674810416
ph_min : 0.6594983521598028, ph_max : 4.189754237250511
stddev : 0.7122289551787023, IQR : 0.9439878374052078
1st quartile : 1.5258981481344458, 3rd quartile : 2.4698859855396536