error_threshold = 0.5, num_runs : 100
prediction_horizon : 2.4420424948914654, median : 2.2645052808711656
ph_min : 0.09058021123484662, ph_max : 6.702935631378651
stddev : 1.0500211865286098, IQR : 0.9963823235833127
1st quartile : 1.9021844359317792, 3rd quartile : 2.898566759515092