prediction_horizon : 2.256648185007984, median : 2.146602479578966
ph_min : 0.7370863935903678, ph_max : 4.603557124880192
stddev : 0.8850564750530218, IQR : 1.0862325800279105
1st quantile : 1.5905548493265833, 3rd quantile : 2.6767874293544938