error_threshold = 0.5
prediction_horizon : 3.160365877537473, median : 2.9253868847143534
ph_min : 0.7313467211785883, ph_max : 7.855205523770023
stddev : 1.4475610797746756, IQR : 1.9502579231429018
1st quartile : 2.1263228745377476, 3rd quartile : 4.076580797680649