error_threshold = 0.5
prediction_horizon : 2.995812865272291, median : 2.7628653911191114
ph_min : 0.9615855037718476, ph_max : 7.8822924393692295
stddev : 1.3837358190825697, IQR : 1.5710411047540047
1st quartile : 1.9638013809425057, 3rd quartile : 3.5348424856965104