error_threshold = 0.5, num_runs : 50
prediction_horizon : 1.7002126145484484, median : 1.5388294883728733
ph_min : 0.5301849497755278, ph_max : 4.409587021303779
stddev : 0.7131783149305474, IQR : 0.7629490740672229
1st quartile : 1.202614642173758, 3rd quartile : 1.965563716240981