error_threshold = 0.5
prediction_horizon : 0.781958144217711, median : 0.7241550533519403
ph_min : 0.34914618643754264, ph_max : 1.9267696955256983
stddev : 0.296268575674167, IQR : 0.4138028876296802
1st quartile : 0.5560476302523827, 3rd quartile : 0.9698505178820629