error_threshold = 0.5
prediction_horizon : 1.3350315662152556, median : 1.228477322650613
ph_min : 0.6077729912060927, ph_max : 3.0000709353151818
stddev : 0.5303556159979969, IQR : 0.7629490740672228
1st quartile : 0.918125156928353, 3rd quartile : 1.6810742309955757