error_threshold = 0.5
prediction_horizon : 1.3027032156191871, median : 1.2414086628890406
ph_min : 0.6465670119213752, ph_max : 3.0000709353151818
stddev : 0.47023381692557414, IQR : 0.5560476302523829
1st quartile : 0.943987837405208, 3rd quartile : 1.5000354676575909