error_threshold = 0.5
prediction_horizon : 1.0328261448432048, median : 0.9827818581204905
ph_min : 0.4525969083449627, ph_max : 2.146602479578966
stddev : 0.3793608949469662, IQR : 0.5301849497755278
1st quartile : 0.7370863935903678, 3rd quartile : 1.2672713433658955