prediction_horizon : 2.0528502628503666, median : 1.8491816540951334
ph_min : 0.7370863935903678, ph_max : 4.435449701780635
stddev : 0.8074860971457867, IQR : 0.9181251569283528
1st quantile : 1.4741727871807355, 3rd quantile : 2.3922979441090884