error_threshold = 0.5
prediction_horizon : 0.5172536095371002, median : 0.49139092906024523
ph_min : 0.051725360953710026, ph_max : 1.3448593847964605
stddev : 0.21298667173087707, IQR : 0.19397010357641253
1st quartile : 0.4138028876296802, 3rd quartile : 0.6077729912060927