prediction_horizon : 1.4489566737158024, median : 1.3060653640811781
ph_min : 0.6724296923982302, ph_max : 4.435449701780635
stddev : 0.5822561213285521, IQR : 0.7629490740672229
1st quantile : 1.0345072190742004, 3rd quantile : 1.7974562931414233