error_threshold = 0.5
prediction_horizon : 2.0203925988519136, median : 1.8491816540951334
ph_min : 0.6853610326366578, ph_max : 5.004428672271445
stddev : 0.7690356647339323, IQR : 1.0086445385973457
1st quartile : 1.4741727871807355, 3rd quartile : 2.4828173257780812