prediction_horizon : 1.490207649076386, median : 1.4483101067038806
ph_min : 0.6853610326366578, ph_max : 2.961276914599899
stddev : 0.5297688388873661, IQR : 0.7758804143056504
1st quantile : 1.0603698995510555, 3rd quantile : 1.836250313856706