error_threshold = 0.5
prediction_horizon : 0.511951760039345, median : 0.4525969083449627
ph_min : 0.21983278405326762, ph_max : 1.228477322650613
stddev : 0.19858846601183242, IQR : 0.2456954645301226
1st quartile : 0.36207752667597015, 3rd quartile : 0.6077729912060927