error_threshold = 0.5
prediction_horizon : 0.874934480532005, median : 0.8534684557362154
ph_min : 0.3232835059606876, ph_max : 2.120739799102111
stddev : 0.33490533540577744, IQR : 0.5043222692986727
1st quartile : 0.5819103107292377, 3rd quartile : 1.0862325800279105