error_threshold = 0.5
prediction_horizon : 0.77950118957241, median : 0.7241550533519403
ph_min : 0.29742082548383264, ph_max : 1.8491816540951334
stddev : 0.26198703841501886, IQR : 0.36207752667597015
1st quartile : 0.5689789704908103, 3rd quartile : 0.9310564971667804