error_threshold = 0.5
prediction_horizon : 0.7440693173191185, median : 0.6594983521598028
ph_min : 0.31035216572226015, ph_max : 2.301778562440096
stddev : 0.30936144464149407, IQR : 0.3491461864375427
1st quartile : 0.5301849497755278, 3rd quartile : 0.8793311362130705