error_threshold = 0.5
prediction_horizon : 0.10627500000000001, median : 0.11375
ph_min : 0.0325, ph_max : 0.17875000000000002
stddev : 0.033017504826985344, IQR : 0.0325
1st quartile : 0.0975, 3rd quartile : 0.13