error_threshold = 0.5
prediction_horizon : 0.8581624999999999, median : 0.7962500000000001
ph_min : 0.04875, ph_max : 3.00625
stddev : 0.5416624714420873, IQR : 0.6175000000000002
1st quartile : 0.48750000000000004, 3rd quartile : 1.1050000000000002