error_threshold = 0.5
prediction_horizon : 0.7778875000000002, median : 0.6987500000000001
ph_min : 0.04875, ph_max : 2.8112500000000002
stddev : 0.47559313937308856, IQR : 0.48750000000000004
1st quartile : 0.50375, 3rd quartile : 0.9912500000000001