error_threshold = 0.5
prediction_horizon : 4.158925021102238, median : 3.6404814565334176
ph_min : 0.9751289615714511, ph_max : 10.000489239227216
stddev : 2.171810379782314, IQR : 2.9308042678341955
1st quartile : 2.286135676573069, 3rd quartile : 5.216939944407264