error_threshold = 0.5
prediction_horizon : 0.6567827707097331, median : 0.5560476302523827
ph_min : 0.2844894852454051, ph_max : 1.5517608286113007
stddev : 0.2840441516364164, IQR : 0.28448948524540524
1st quartile : 0.4655282485833902, 3rd quartile : 0.7500177338287954