error_threshold = 0.5
prediction_horizon : 0.36712074936895694, median : 0.3362148461991151
ph_min : 0.1939701035764126, ph_max : 0.7758804143056504
stddev : 0.13161912965987801, IQR : 0.11638206214584756
1st quartile : 0.2844894852454051, 3rd quartile : 0.4008715473912527