error_threshold = 0.5
prediction_horizon : 0.829804103099893, median : 0.7758804143056504
ph_min : 0.36207752667597015, ph_max : 1.9526323760025535
stddev : 0.31981510319639633, IQR : 0.4525969083449627
1st quartile : 0.5689789704908103, 3rd quartile : 1.021575878835773