error_threshold = 0.5
prediction_horizon : 0.808208764901719, median : 0.7629490740672229
ph_min : 0.36207752667597015, ph_max : 1.965563716240981
stddev : 0.31547965089977437, IQR : 0.42673422786810766
1st quartile : 0.5689789704908103, 3rd quartile : 0.9957131983589179