lpspectrum : [[ 0.09905813  0.07801932  0.03409064  0.02246055 -0.0004174  -0.00976144
  -0.01435805 -0.02282921 -0.03357099 -0.04246421]]
lp_time : [10.09508282]
KY_dim : [2.26966143]
