error_threshold = 0.5
prediction_horizon : 2.0688520246038973, median : 1.9021844359317792
ph_min : 0.3623208449393865, ph_max : 6.250034575204418
stddev : 1.176198604688139, IQR : 1.6304438022272396
1st quartile : 0.9963823235833129, 3rd quartile : 2.6268261258105525