error_threshold = 0.5
prediction_horizon : 1.950191947886248, median : 1.6304438022272392
ph_min : 0.27174063370453994, ph_max : 6.3406147864392635
stddev : 1.2512832474995788, IQR : 1.5398635909923926
1st quartile : 0.9963823235833129, 3rd quartile : 2.5362459145757055