error_threshold = 0.5
prediction_horizon : 1.8424014965167805, median : 1.721024013462086
ph_min : 0.18116042246969324, ph_max : 5.615973096560491
stddev : 1.0095708049397443, IQR : 1.449283379757546
1st quartile : 0.9963823235833129, 3rd quartile : 2.445665703340859