prediction_horizon : 1.676418948509742, median : 1.6034861895650108
ph_min : 0.6465670119213752, ph_max : 4.034578154389382
stddev : 0.6207165083371359, IQR : 0.8405371154977881
1st quantile : 1.1767519616969029, 3rd quantile : 2.017289077194691