error_threshold = 0.5, num_runs : 100
prediction_horizon : 1.8885974042465523, median : 1.8116042246969324
ph_min : 0.3623208449393865, ph_max : 5.434812674090797
stddev : 0.9753579398059455, IQR : 1.2681229572878525
1st quartile : 1.0869625348181597, 3rd quartile : 2.3550854921060123