error_threshold = 0.5, num_runs : 100
prediction_horizon : 2.5616083737214628, median : 2.445665703340859
ph_min : 0.4529010561742331, ph_max : 7.789898166196809
stddev : 1.2368149888403264, IQR : 1.4492833797575457
1st quartile : 1.721024013462086, 3rd quartile : 3.1703073932196317