error_threshold = 0.5, num_runs : 100
prediction_horizon : 2.0534533886939736, median : 1.9021844359317792
ph_min : 0.3623208449393865, ph_max : 6.068874152734724
stddev : 1.1023321429980102, IQR : 1.5398635909923928
1st quartile : 1.0869625348181597, 3rd quartile : 2.6268261258105525