error_threshold = 0.5, num_runs : 100
prediction_horizon : 1.95472095844799, median : 1.9021844359317792
ph_min : 0.3623208449393865, ph_max : 5.434812674090797
stddev : 0.9977137865298021, IQR : 1.4492833797575457
1st quartile : 1.0869625348181597, 3rd quartile : 2.5362459145757055