error_threshold = 0.5
prediction_horizon : 1.1797261699517414, median : 1.1120952605047654
ph_min : 0.4655282485833902, ph_max : 2.8578261926924786
stddev : 0.4497424766209204, IQR : 0.5172536095371002
1st quartile : 0.8663997959746429, 3rd quartile : 1.383653405511743