error_threshold = 0.5
prediction_horizon : 1.1137763347357612, median : 1.099163920266338
ph_min : 0.4267342278681077, ph_max : 2.806100831738769
stddev : 0.42928020043596665, IQR : 0.5560476302523826
1st quartile : 0.8017430947825054, 3rd quartile : 1.357790725034888