error_threshold = 0.5
prediction_horizon : 1.1911057493615573, median : 1.150889281220048
ph_min : 0.43966556810653523, ph_max : 3.0000709353151818
stddev : 0.44711740923707144, IQR : 0.5431162900139552
1st quartile : 0.8922624764514979, 3rd quartile : 1.4353787664654531