error_threshold = 0.5
prediction_horizon : 0.7916566493965318, median : 0.7241550533519403
ph_min : 0.3362148461991151, ph_max : 2.275915881963241
stddev : 0.32861169036759597, IQR : 0.3362148461991151
1st quartile : 0.5689789704908103, 3rd quartile : 0.9051938166899254