error_threshold = 0.5
prediction_horizon : 0.7516988080597911, median : 0.6982923728750853
ph_min : 0.3879402071528252, ph_max : 2.120739799102111
stddev : 0.283120494913649, IQR : 0.33621484619911524
1st quartile : 0.5431162900139552, 3rd quartile : 0.8793311362130705