prediction_horizon : 2.5050592309881763, median : 2.379366603870661
ph_min : 1.021575878835773, ph_max : 4.681145166310757
stddev : 0.7878913541055398, IQR : 0.9310564971667801
1st quantile : 2.017289077194691, 3rd quantile : 2.948345574361471