prediction_horizon : 1.435766706672606, median : 1.3189967043196056
ph_min : 0.6465670119213752, ph_max : 3.504393204613854
stddev : 0.5514802126193981, IQR : 0.7112237131135128
1st quantile : 1.0086445385973455, 3rd quantile : 1.7198682517108583