num_runs : 100, error_threshold = 0.5
prediction_horizon : 1.5944342513981116, median : 1.4741727871807355
ph_min : 0.5689789704908103, ph_max : 4.008715473912527
stddev : 0.6466743331384324, IQR : 0.814674435020933
1st quartile : 1.1379579409816205, 3rd quartile : 1.9526323760025535