error_threshold = 0.5
prediction_horizon : 0.5485474529140948, median : 0.5560476302523827
ph_min : 0.0, ph_max : 0.8663997959746429
stddev : 0.18218216249419691, IQR : 0.2069014438148401
1st quartile : 0.4525969083449627, 3rd quartile : 0.6594983521598028