error_threshold = 0.5
prediction_horizon : 0.7222153523161762, median : 0.6724296923982302
ph_min : 0.34914618643754264, ph_max : 1.6164175298034382
stddev : 0.23652955473133766, IQR : 0.3103521657222602
1st quartile : 0.5560476302523827, 3rd quartile : 0.8663997959746429