ORIGINAL (multi-point) ERROR; error_threshold = 0.5
prediction_horizon : 2.571902636144702, median : 2.275300910333386
ph_min : 0.7855205523770022, ph_max : 4.997535928053687
stddev : 1.1049975999589265, IQR : 1.4626934423571765
1st quartile : 1.7606495139484535, 3rd quartile : 3.22334295630563

NEW (cumulative) ERROR; error_threshold = 0.5
prediction_horizon : 2.5571402671431342, median : 2.302387825932593
ph_min : 0.7719770945773988, ph_max : 4.997535928053687
stddev : 1.11239154979002, IQR : 1.5033238157559874
1st quartile : 1.7471060561488498, 3rd quartile : 3.2504298719048372