error_threshold = 0.5, num_runs : 100
prediction_horizon : 1.991836338587685, median : 1.611671478152815
ph_min : 0.7448901789781919, ph_max : 5.932034516226327
stddev : 1.0206705181559461, IQR : 1.3272588643611418
1st quartile : 1.2324546597639174, 3rd quartile : 2.5597135241250593