error_threshold = 0.5, num_runs : 100
prediction_horizon : 1.687243972674603, median : 1.47623690015678
ph_min : 0.48756448078572556, ph_max : 4.564145278466375
stddev : 0.9148005340742128, IQR : 1.1511939129662963
1st quartile : 0.9344985881726406, 3rd quartile : 2.085692501138937