error_threshold = 0.5, num_runs : 100
prediction_horizon : 2.9066969129509004, median : 2.5732569819246627
ph_min : 1.0157593349702616, ph_max : 6.988424224595399
stddev : 1.1606305257556315, IQR : 1.381432695559556
1st quartile : 2.139866332337351, 3rd quartile : 3.521299027896907