error_threshold = 0.5, num_runs : 100
prediction_horizon : 2.4571895485820607, median : 2.221127079134972
ph_min : 0.7855205523770022, ph_max : 5.972664889625138
stddev : 0.9863994313634372, IQR : 0.9074116725734336
1st quartile : 1.9367144653432988, 3rd quartile : 2.8441261379167324