ORIGINAL (multi-point) ERROR; error_threshold = 0.5
prediction_horizon : 1.6223708098145022, median : 1.3949761533591591
ph_min : 0.48756448078572556, ph_max : 4.564145278466375
stddev : 0.9344226141373487, IQR : 1.1647373707659
1st quartile : 0.9074116725734337, 3rd quartile : 2.0721490433393335

NEW (cumulative) ERROR; error_threshold = 0.5
prediction_horizon : 1.6191203799425973, median : 1.3678892377599523
ph_min : 0.4740210229861221, ph_max : 4.604775651865186
stddev : 0.9481162902355262, IQR : 1.137650455166693
1st quartile : 0.9074116725734337, 3rd quartile : 2.0450621277401266