error_threshold = 0.5, num_runs : 100
prediction_horizon : 3.0359015003591185, median : 2.7357784755199046
ph_min : 1.0428462505694684, ph_max : 7.394727958583505
stddev : 1.2426175597759443, IQR : 1.449149984557573
1st quartile : 2.139866332337351, 3rd quartile : 3.589016316894924