prediction_horizon : 0.36725006277134115, median : 0.34914618643754264
ph_min : 0.18103876333798508, ph_max : 0.9051938166899254
stddev : 0.1007151355634165, IQR : 0.11638206214584756
1st quantile : 0.29742082548383264, 3rd quantile : 0.4138028876296802