prediction_horizon : 0.7635956410791442, median : 0.6982923728750853
ph_min : 0.3362148461991151, ph_max : 1.5129668078960183
stddev : 0.2660550583017103, IQR : 0.29742082548383264
1st quantile : 0.5689789704908103, 3rd quantile : 0.8663997959746429