error_threshold = 0.5
prediction_horizon : 0.7738113998675018, median : 0.6724296923982302
ph_min : 0.29742082548383264, ph_max : 1.7457309321877132
stddev : 0.30134584453852314, IQR : 0.40087154739125275
1st quartile : 0.5431162900139552, 3rd quartile : 0.943987837405208