error_threshold = 0.5
prediction_horizon : 0.7497591070240266, median : 0.6724296923982302
ph_min : 0.29742082548383264, ph_max : 1.6422802102802934
stddev : 0.3119160427454474, IQR : 0.4138028876296802
1st quartile : 0.5172536095371002, 3rd quartile : 0.9310564971667804