error_threshold = 0.5
prediction_horizon : 0.22280699230810586, median : 0.2069014438148401
ph_min : 0.09051938166899254, ph_max : 0.4784595888218177
stddev : 0.08182289569654941, IQR : 0.09051938166899254
1st quartile : 0.16810742309955756, 3rd quartile : 0.2586268047685501