error_threshold = 0.5
prediction_horizon : 0.08689860640223285, median : 0.07758804143056504
ph_min : 0.03879402071528252, ph_max : 0.36207752667597015
stddev : 0.03774888350111299, IQR : 0.038794020715282526
1st quartile : 0.06465670119213753, 3rd quartile : 0.10345072190742005