error_threshold = 0.5
prediction_horizon : 0.6117817066800054, median : 0.5172536095371002
ph_min : 0.2844894852454051, ph_max : 1.9397010357641258
stddev : 0.2885439291770125, IQR : 0.25862680476855004
1st quartile : 0.4138028876296802, 3rd quartile : 0.6724296923982302