error_threshold = 0.5, num_runs : 50
prediction_horizon : 1.9184888739540513, median : 1.9927646471666258
ph_min : 0.6340614786439264, ph_max : 2.6268261258105525
stddev : 0.35578080563459324, IQR : 0.18116042246969322
1st quartile : 1.9021844359317792, 3rd quartile : 2.0833448584014724