error_threshold = 0.5
prediction_horizon : 4.013518579604819, median : 3.8768330408514355
ph_min : 0.4891331406681718, ph_max : 7.880478377431658
stddev : 1.4929900153729792, IQR : 1.6576178655976932
1st quartile : 3.0434950974908466, 3rd quartile : 4.70111296308854