error_threshold = 0.5
prediction_horizon : 3.4483886417106104, median : 3.442048026924172
ph_min : 0.5434812674090799, ph_max : 9.510922179658895
stddev : 1.6037177156775932, IQR : 2.2645052808711656
1st quartile : 2.2645052808711656, 3rd quartile : 4.529010561742331