error_threshold = 0.5, num_runs : 100
prediction_horizon : 1.293264785284137, median : 1.1241069973670894
ph_min : 0.0, ph_max : 4.03595042428184
stddev : 0.7859442432632431, IQR : 0.8803247569742266
1st quartile : 0.6907163477797779, 3rd quartile : 1.5710411047540045