error_threshold = 0.5, num_runs : 100
prediction_horizon : 1.2297459682039968, median : 1.056389708369072
ph_min : 0.0, ph_max : 3.9817765930834255
stddev : 0.8134782971501425, IQR : 0.8532378413750197
1st quartile : 0.7178032633789848, 3rd quartile : 1.5710411047540045