error_threshold = 0.5, num_runs : 100
prediction_horizon : 0.9726911391675225, median : 0.48756448078572556
ph_min : 0.0, ph_max : 3.751537810490166
stddev : 0.9200432440434076, IQR : 0.8532378413750197
1st quartile : 0.3521299027896907, 3rd quartile : 1.2053677441647104