error_threshold = 0.5, num_runs : 100
prediction_horizon : 0.15818758709936873, median : 0.05417383119841395
ph_min : 0.0, ph_max : 1.7064756827500394
stddev : 0.3017601538924222, IQR : 0.12189112019643139
1st quartile : 0.0, 3rd quartile : 0.12189112019643139