error_threshold = 0.5, num_runs : 100
prediction_horizon : 1.331457336279019, median : 1.083476623968279
ph_min : 0.0, ph_max : 4.171385002277874
stddev : 0.8637662227816292, IQR : 0.8938682147738302
1st quartile : 0.7042598055793814, 3rd quartile : 1.5981280203532116