error_threshold = 0.5
prediction_horizon : 1.6558062613729965, median : 1.6304438022272392
ph_min : 0.09058021123484662, ph_max : 2.989146970749939
stddev : 0.7595873104834493, IQR : 1.0869625348181597
1st quartile : 1.0869625348181597, 3rd quartile : 2.1739250696363195