i : 5, name : attention_module_3, lambda_att : 0.33852583169937134
i : 11, name : attention_module_4, lambda_att : -0.4757194519042969
