i : 8, name : attention_module, lambda_att : -0.4280874729156494
i : 13, name : attention_module_1, lambda_att : 0.11552000790834427
i : 18, name : attention_module_2, lambda_att : 0.29323068261146545
