error_threshold = 0.5
prediction_horizon : 0.955367416815024, median : 0.8793311362130705
ph_min : 0.4267342278681077, ph_max : 2.146602479578966
stddev : 0.31156362306865054, IQR : 0.43966556810653523
1st quartile : 0.7112237131135127, 3rd quartile : 1.150889281220048