error_threshold = 0.5
prediction_horizon : 0.7179480100374951, median : 0.6207043314445203
ph_min : 0.3362148461991151, ph_max : 1.7715936126645684
stddev : 0.2828417278001038, IQR : 0.29742082548383275
1st quartile : 0.5172536095371002, 3rd quartile : 0.814674435020933