error_threshold = 0.5
prediction_horizon : 0.8007085875634313, median : 0.7112237131135127
ph_min : 0.31035216572226015, ph_max : 1.7974562931414233
stddev : 0.296771751077264, IQR : 0.36207752667597015
1st quartile : 0.6077729912060927, 3rd quartile : 0.9698505178820629