error_threshold = 0.5
prediction_horizon : 1.1511479080248166, median : 1.099163920266338
ph_min : 0.5431162900139552, ph_max : 2.4181606245859433
stddev : 0.39608752144416287, IQR : 0.5043222692986725
1st quartile : 0.8534684557362154, 3rd quartile : 1.357790725034888