error_threshold = 0.5
prediction_horizon : 1.1563204441201873, median : 1.099163920266338
ph_min : 0.4784595888218177, ph_max : 2.4181606245859433
stddev : 0.42137196297661006, IQR : 0.5431162900139551
1st quartile : 0.8534684557362154, 3rd quartile : 1.3965847457501706