i : 8, name : attention_module, lambda_att : 0.2757450044155121
i : 13, name : attention_module_1, lambda_att : 0.2679615318775177
i : 18, name : attention_module_2, lambda_att : -0.3064348101615906
