error_threshold = 0.5
prediction_horizon : 0.6443863636363637, median : 0.63375
ph_min : 0.0, ph_max : 2.015
stddev : 0.43764029391670983, IQR : 0.4225
1st quartile : 0.35750000000000004, 3rd quartile : 0.78