error_threshold = 0.5
prediction_horizon : 0.6881136363636365, median : 0.65
ph_min : 0.0, ph_max : 1.9500000000000002
stddev : 0.4406250643279949, IQR : 0.6012500000000001
1st quartile : 0.39, 3rd quartile : 0.9912500000000001