error_threshold = 0.5
prediction_horizon : 0.6447566242879955, median : 0.5819103107292377
ph_min : 0.3362148461991151, ph_max : 1.7198682517108583
stddev : 0.25638005319234375, IQR : 0.28448948524540507
1st quartile : 0.4525969083449627, 3rd quartile : 0.7370863935903678