error_threshold = 0.5
prediction_horizon : 0.7148444883802725, median : 0.6336356716829478
ph_min : 0.3362148461991151, ph_max : 1.5776235090881559
stddev : 0.27949697202294793, IQR : 0.40087154739125275
1st quartile : 0.4784595888218177, 3rd quartile : 0.8793311362130705