error_threshold = 0.5
prediction_horizon : 0.7219567255114078, median : 0.6336356716829478
ph_min : 0.3362148461991151, ph_max : 1.6164175298034382
stddev : 0.28673802918394337, IQR : 0.41380288762968015
1st quartile : 0.49139092906024523, 3rd quartile : 0.9051938166899254