error_threshold = 0.5
prediction_horizon : 0.7286810224353899, median : 0.6336356716829478
ph_min : 0.34914618643754264, ph_max : 1.7457309321877132
stddev : 0.29710791923235863, IQR : 0.4267342278681077
1st quartile : 0.49139092906024523, 3rd quartile : 0.918125156928353