error_threshold = 0.5
prediction_horizon : 0.6089368118275513, median : 0.5431162900139552
ph_min : 0.31035216572226015, ph_max : 1.331928044558033
stddev : 0.2184676741206337, IQR : 0.2586268047685501
1st quartile : 0.4655282485833902, 3rd quartile : 0.7241550533519403