prediction_horizon : 2.2788900902180793, median : 2.0560830979099736
ph_min : 0.7370863935903678, ph_max : 5.172536095371002
stddev : 0.9174963236337734, IQR : 0.9310564971667803
1st quantile : 1.7069369114724309, 3rd quantile : 2.637993408639211