error_threshold = 0.5
prediction_horizon : 0.25543619568226744, median : 0.09058021123484662
ph_min : 0.0, ph_max : 1.8116042246969324
stddev : 0.3390120965841248, IQR : 0.3623208449393865
1st quartile : 0.0, 3rd quartile : 0.3623208449393865