error_threshold = 0.5
prediction_horizon : 0.21195769428954114, median : 0.09058021123484662
ph_min : 0.0, ph_max : 1.449283379757546
stddev : 0.2859294610482395, IQR : 0.27174063370453994
1st quartile : 0.0, 3rd quartile : 0.27174063370453994