error_threshold = 0.5
prediction_horizon : 0.2137692985142381, median : 0.09058021123484662
ph_min : 0.0, ph_max : 1.5398635909923928
stddev : 0.30890906637899257, IQR : 0.27174063370453994
1st quartile : 0.0, 3rd quartile : 0.27174063370453994