i : 10, name : attention_module_3, lambda_att : -0.2455066740512848
i : 16, name : attention_module_4, lambda_att : -0.30133020877838135
i : 22, name : attention_module_5, lambda_att : 0.3779212236404419
