prediction_horizon : 1.7078421052891204, median : 1.6164175298034382
ph_min : 0.5819103107292377, ph_max : 4.900977950364024
stddev : 0.6942052556705065, IQR : 0.9051938166899254
1st quantile : 1.228477322650613, 3rd quantile : 2.1336711393405383