error_threshold = 0.5
prediction_horizon : 0.15103805398483328, median : 0.14224474262270256
ph_min : 0.06465670119213753, ph_max : 0.31035216572226015
stddev : 0.051591996220516245, IQR : 0.06465670119213753
1st quartile : 0.11638206214584755, 3rd quartile : 0.18103876333798508