error_threshold = 0.5, num_runs : 100
prediction_horizon : 1.9809892197060959, median : 1.9021844359317792
ph_min : 0.09058021123484662, ph_max : 6.068874152734724
stddev : 1.2713315840183605, IQR : 1.5398635909923926
1st quartile : 1.1775427460530061, 3rd quartile : 2.7174063370453987