error_threshold = 0.5
prediction_horizon : 0.6831499999999999, median : 0.6012500000000001
ph_min : 0.0325, ph_max : 1.7225000000000001
stddev : 0.40249462263488694, IQR : 0.5687500000000001
1st quartile : 0.37375, 3rd quartile : 0.9425000000000001