prediction_horizon : 2.1763445621273494, median : 2.043151757671546
ph_min : 0.8534684557362154, ph_max : 4.331998979873214
stddev : 0.8025258929964489, IQR : 1.0215758788357727
1st quantile : 1.6034861895650108, 3rd quantile : 2.6250620684007835