num_runs : 100, error_threshold = 0.5
prediction_horizon : 0.6596276655621871, median : 0.5560476302523827
ph_min : 0.0, ph_max : 1.8621129943335608
stddev : 0.33626704000007884, IQR : 0.28448948524540507
1st quartile : 0.43966556810653523, 3rd quartile : 0.7241550533519403