error_threshold = 0.5, num_runs : 100
prediction_horizon : 1.1313468383232346, median : 0.9058021123484662
ph_min : 0.18116042246969324, ph_max : 3.6232084493938648
stddev : 0.8078917033304531, IQR : 0.6340614786439264
1st quartile : 0.6340614786439264, 3rd quartile : 1.2681229572878527