error_threshold = 0.5
prediction_horizon : 1.93117010352693, median : 1.8116042246969324
ph_min : 0.0, ph_max : 4.981911617916564
stddev : 0.8105668781181112, IQR : 0.9058021123484663
1st quartile : 1.449283379757546, 3rd quartile : 2.3550854921060123