error_threshold = 0.5, num_runs : 100
prediction_horizon : 1.6204799789914066, median : 1.5398635909923928
ph_min : 0.4529010561742331, ph_max : 3.713788660628712
stddev : 0.7410872999893938, IQR : 0.8152219011136197
1st quartile : 1.1775427460530061, 3rd quartile : 1.9927646471666258