error_threshold = 0.5
prediction_horizon : 1.871387164111931, median : 1.721024013462086
ph_min : 0.0, ph_max : 4.076109505568098
stddev : 0.7722429176311644, IQR : 1.0869625348181595
1st quartile : 1.2681229572878527, 3rd quartile : 2.3550854921060123