error_threshold = 0.5, num_runs : 100
prediction_horizon : 2.0914970774126087, median : 1.9021844359317792
ph_min : 0.5434812674090799, ph_max : 5.978293941499878
stddev : 0.9209914191687416, IQR : 0.9058021123484661
1st quartile : 1.5398635909923928, 3rd quartile : 2.445665703340859