error_threshold = 0.5
prediction_horizon : 1.7789953486523873, median : 1.6304438022272392
ph_min : 0.0, ph_max : 4.619590772977178
stddev : 0.8279566446178884, IQR : 1.1775427460530061
1st quartile : 1.1775427460530061, 3rd quartile : 2.3550854921060123