error_threshold = 0.5
prediction_horizon : 1.999105261953065, median : 1.9927646471666258
ph_min : 0.0, ph_max : 4.981911617916564
stddev : 1.0601565348024455, IQR : 1.4492833797575464
1st quartile : 1.1775427460530061, 3rd quartile : 2.6268261258105525