error_threshold = 0.5
prediction_horizon : 2.0289967316605644, median : 1.9927646471666258
ph_min : 0.0, ph_max : 6.702935631378651
stddev : 1.039977594301917, IQR : 1.2681229572878532
1st quartile : 1.3587031685226993, 3rd quartile : 2.6268261258105525