error_threshold = 0.5, num_runs : 100
prediction_horizon : 2.0652288161545034, median : 1.9927646471666258
ph_min : 0.5434812674090799, ph_max : 7.065256476318037
stddev : 0.9622841934465396, IQR : 0.9058021123484661
1st quartile : 1.5398635909923928, 3rd quartile : 2.445665703340859