error_threshold = 0.5, num_runs : 100
prediction_horizon : 1.9184888739540518, median : 1.8116042246969324
ph_min : 0.4529010561742331, ph_max : 5.344232462855951
stddev : 0.8788035889653618, IQR : 0.9963823235833129
1st quartile : 1.2681229572878527, 3rd quartile : 2.2645052808711656