error_threshold = 0.5
prediction_horizon : 1.1911297777382333, median : 0.9058021123484662
ph_min : 0.18116042246969324, ph_max : 4.166689716802945
stddev : 0.8955424120591604, IQR : 0.9963823235833129
1st quartile : 0.5434812674090799, 3rd quartile : 1.5398635909923928