error_threshold = 0.5
prediction_horizon : 0.9347877799436172, median : 0.8152219011136196
ph_min : 0.18116042246969324, ph_max : 3.6232084493938648
stddev : 0.661406753672708, IQR : 0.9058021123484663
1st quartile : 0.3623208449393865, 3rd quartile : 1.2681229572878527