error_threshold = 0.5
prediction_horizon : 2.024467721098822, median : 1.9927646471666258
ph_min : 0.0, ph_max : 4.800751195446872
stddev : 0.9186972613943987, IQR : 1.3587031685226998
1st quartile : 1.2681229572878527, 3rd quartile : 2.6268261258105525