error_threshold = 0.5
prediction_horizon : 2.0697578267162453, median : 1.9927646471666258
ph_min : 0.0, ph_max : 5.797133519030184
stddev : 1.0863112944585456, IQR : 1.3587031685226998
1st quartile : 1.2681229572878527, 3rd quartile : 2.6268261258105525