error_threshold = 0.5
prediction_horizon : 1.575189873373983, median : 1.449283379757546
ph_min : 0.5434812674090799, ph_max : 3.6232084493938648
stddev : 0.6172621043972377, IQR : 0.7246416898787731
1st quartile : 1.1775427460530061, 3rd quartile : 1.9021844359317792