error_threshold = 0.5
prediction_horizon : 0.1495, median : 0.1625
ph_min : 0.0325, ph_max : 0.27625000000000005
stddev : 0.04998030862249652, IQR : 0.048750000000000016
1st quartile : 0.13, 3rd quartile : 0.17875000000000002