error_threshold = 0.5
prediction_horizon : 0.5305625, median : 0.48750000000000004
ph_min : 0.04875, ph_max : 1.8850000000000002
stddev : 0.2920606944091416, IQR : 0.27625
1st quartile : 0.37375, 3rd quartile : 0.65