error_threshold = 0.5
prediction_horizon : 0.6951750000000001, median : 0.6175
ph_min : 0.04875, ph_max : 2.25875
stddev : 0.40305621583719564, IQR : 0.40625
1st quartile : 0.48750000000000004, 3rd quartile : 0.89375