i : 5, name : attention_module_3, lambda_att : 0.2365054190158844
i : 11, name : attention_module_4, lambda_att : -0.3211955726146698
