error_threshold = 0.5, num_runs : 50
prediction_horizon : 1.6919365567958549, median : 1.5129668078960183
ph_min : 0.49139092906024523, ph_max : 3.530255885090709
stddev : 0.6235124854050769, IQR : 0.5948416509676653
1st quartile : 1.3060653640811781, 3rd quartile : 1.9009070150488434