error_threshold = 0.5
prediction_horizon : 3.3813592853968255, median : 2.989146970749939
ph_min : 0.27174063370453994, ph_max : 8.695700278545278
stddev : 1.7273081037519284, IQR : 2.173925069636319
1st quartile : 2.2645052808711656, 3rd quartile : 4.438430350507485