error_threshold = 0.5
prediction_horizon : 2.317041803387377, median : 2.2645052808711656
ph_min : 0.18116042246969324, ph_max : 4.619590772977178
stddev : 1.045656640279106, IQR : 1.5398635909923926
1st quartile : 1.6304438022272392, 3rd quartile : 3.1703073932196317