error_threshold = 0.5
prediction_horizon : 4.58281520721583, median : 4.474662435001424
ph_min : 1.123194619312098, ph_max : 10.000055320327068
stddev : 1.5601093509214414, IQR : 2.092402879524957
1st quartile : 3.4058159424302334, 3rd quartile : 5.498218821955191