error_threshold = 0.5
prediction_horizon : 0.6778608552983698, median : 0.6207043314445203
ph_min : 0.2586268047685501, ph_max : 1.357790725034888
stddev : 0.2373116211421662, IQR : 0.2844894852454052
1st quartile : 0.5043222692986727, 3rd quartile : 0.7888117545440779