error_threshold = 0.5
prediction_horizon : 0.8001913339538942, median : 0.7241550533519403
ph_min : 0.29742082548383264, ph_max : 2.4440233050627986
stddev : 0.31703827808628027, IQR : 0.4267342278681078
1st quartile : 0.5560476302523827, 3rd quartile : 0.9827818581204905