error_threshold = 0.5
prediction_horizon : 0.2847481120501737, median : 0.2586268047685501
ph_min : 0.10345072190742005, ph_max : 0.6207043314445203
stddev : 0.10216544459830973, IQR : 0.10345072190742
1st quartile : 0.21983278405326762, 3rd quartile : 0.3232835059606876