error_threshold = 0.5
prediction_horizon : 0.8618738268911932, median : 0.7758804143056504
ph_min : 0.2844894852454051, ph_max : 2.5991993879239286
stddev : 0.35215235355048086, IQR : 0.43966556810653523
1st quartile : 0.6207043314445203, 3rd quartile : 1.0603698995510555