prediction_horizon : 2.4115656410643456, median : 2.275915881963241
ph_min : 0.9827818581204905, ph_max : 5.379437539185842
stddev : 0.8626134383110291, IQR : 1.2026146421737582
1st quantile : 1.758662272426141, 3rd quantile : 2.961276914599899