prediction_horizon : 1.7965510993247338, median : 1.758662272426141
ph_min : 0.7758804143056504, ph_max : 3.801814030097687
stddev : 0.6076003332893285, IQR : 0.866399795974643
1st quantile : 1.3448593847964605, 3rd quantile : 2.2112591807711035