ORIGINAL (multi-point) ERROR; error_threshold = 0.5
prediction_horizon : 2.0399156137762775, median : 1.8419102607460742
ph_min : 0.46047756518651856, ph_max : 3.995320050883029
stddev : 0.9338050235281584, IQR : 0.9480420459722443
1st quartile : 1.4356065267579696, 3rd quartile : 2.383648572730214

NEW (cumulative) ERROR; error_threshold = 0.5
prediction_horizon : 2.0581992818057424, median : 1.8960840919444883
ph_min : 0.46047756518651856, ph_max : 3.995320050883029
stddev : 0.9456271804399, IQR : 0.9480420459722443
1st quartile : 1.4220630689583662, 3rd quartile : 2.3701051149306105