error_threshold = 0.5, num_runs : 100
prediction_horizon : 2.4577312868940453, median : 2.166953247936558
ph_min : 0.7719770945773988, ph_max : 8.098987764162885
stddev : 1.2302313114221062, IQR : 1.273085033162728
1st quartile : 1.638758393752022, 3rd quartile : 2.91184342691475