error_threshold = 0.5, num_runs : 100
prediction_horizon : 2.1194157110599496, median : 1.8554537185456779
ph_min : 0.48756448078572556, ph_max : 5.661165360234258
stddev : 1.0783918124505758, IQR : 1.0699331661686755
1st quartile : 1.4220630689583662, 3rd quartile : 2.4919962351270417