error_threshold = 0.5, num_runs : 100
prediction_horizon : 1.9872315629358197, median : 1.774192971748057
ph_min : 0.46047756518651856, ph_max : 5.972664889625138
stddev : 0.9617130231856188, IQR : 0.8667812991746233
1st quartile : 1.3543457799603487, 3rd quartile : 2.221127079134972