ORIGINAL (multi-point) ERROR; error_threshold = 0.5
prediction_horizon : 2.102757257966438, median : 1.977344838742109
ph_min : 0.48756448078572556, ph_max : 3.995320050883029
stddev : 0.9099744781143763, IQR : 1.002215877170658
1st quartile : 1.4897803579563837, 3rd quartile : 2.4919962351270417

NEW (cumulative) ERROR; error_threshold = 0.5
prediction_horizon : 2.1122376784261605, median : 1.9638013809425057
ph_min : 0.48756448078572556, ph_max : 3.995320050883029
stddev : 0.9246798565011014, IQR : 1.0428462505694682
1st quartile : 1.4897803579563837, 3rd quartile : 2.532626608525852