error_threshold = 0.5, num_runs : 100
prediction_horizon : 2.4789945156394224, median : 2.1263228745377476
ph_min : 0.7448901789781919, ph_max : 8.017727017365265
stddev : 1.222008597991218, IQR : 1.0970200817678826
1st quartile : 1.801279887347264, 3rd quartile : 2.8982999691151465