ORIGINAL (multi-point) ERROR; error_threshold = 0.5
prediction_horizon : 1.657042061781487, median : 1.3949761533591591
ph_min : 0.4333906495873116, ph_max : 3.995320050883029
stddev : 0.9471930230596602, IQR : 1.2324546597639174
1st quartile : 0.8938682147738302, 3rd quartile : 2.1263228745377476

NEW (cumulative) ERROR; error_threshold = 0.5
prediction_horizon : 1.6728879074070233, median : 1.3814326955595557
ph_min : 0.3114995293908802, ph_max : 3.995320050883029
stddev : 0.9818969169764494, IQR : 1.3137154065615384
1st quartile : 0.8803247569742267, 3rd quartile : 2.194040163535765