ORIGINAL (multi-point) ERROR; error_threshold = 0.5
prediction_horizon : 2.4013905024476947, median : 2.2888443681329895
ph_min : 0.7719770945773988, ph_max : 3.995320050883029
stddev : 0.9406196066932025, IQR : 1.273085033162728
1st quartile : 1.6658453093512289, 3rd quartile : 2.938930342513957

NEW (cumulative) ERROR; error_threshold = 0.5
prediction_horizon : 2.3887950866940635, median : 2.2617574525337822
ph_min : 0.7719770945773988, ph_max : 3.995320050883029
stddev : 0.9385993041020151, IQR : 1.3137154065615382
1st quartile : 1.6523018515516255, 3rd quartile : 2.9660172581131636