error_threshold = 0.5, num_runs : 100
prediction_horizon : 1.6108588706848388, median : 1.2866284909623313
ph_min : 0.4333906495873116, ph_max : 5.417383119841395
stddev : 0.9709985257176789, IQR : 1.2459981175635209
1st quartile : 0.8803247569742267, 3rd quartile : 2.1263228745377476