error_threshold = 0.5
prediction_horizon : 0.9248239567077842, median : 0.724641689878773
ph_min : 0.09058021123484662, ph_max : 2.989146970749939
stddev : 0.7123423850926088, IQR : 0.9963823235833129
1st quartile : 0.3623208449393865, 3rd quartile : 1.3587031685226993