error_threshold = 0.5, num_runs : 50
prediction_horizon : 3.5356550931644866, median : 3.114995293908802
ph_min : 0.7719770945773988, ph_max : 9.060573267934734
stddev : 1.776062038945786, IQR : 2.194040163535765
1st quartile : 2.0992359589385408, 3rd quartile : 4.293276122474306