error_threshold = 0.5, num_runs : 50
prediction_horizon : 0.8045355797519546, median : 0.7015511250277969
ph_min : 0.12459981371150061, ph_max : 1.5954193538276926
stddev : 0.45390058160526664, IQR : 0.693425050220525
1st quartile : 0.39276028235146926, 3rd quartile : 1.0861853325719943