error_threshold = 0.5
prediction_horizon : 0.9905406622635469, median : 0.918125156928353
ph_min : 0.31035216572226015, ph_max : 3.0000709353151818
stddev : 0.39544537431623084, IQR : 0.4525969083449626
1st quartile : 0.7241550533519403, 3rd quartile : 1.1767519616969029