error_threshold = 0.5
prediction_horizon : 0.942048136369444, median : 0.8663997959746429
ph_min : 0.34914618643754264, ph_max : 2.560405367208646
stddev : 0.3948926220716947, IQR : 0.5172536095371002
1st quartile : 0.6336356716829478, 3rd quartile : 1.150889281220048