error_threshold = 0.5
prediction_horizon : 0.3054382564316577, median : 0.2844894852454051
ph_min : 0.10345072190742005, ph_max : 0.6336356716829478
stddev : 0.10039551450415612, IQR : 0.14224474262270262
1st quartile : 0.2327641242916951, 3rd quartile : 0.3750088669143977