error_threshold = 0.5
prediction_horizon : 1.0164033427404022, median : 0.918125156928353
ph_min : 0.31035216572226015, ph_max : 3.0000709353151818
stddev : 0.40933768929076825, IQR : 0.46552824858339026
1st quartile : 0.7370863935903678, 3rd quartile : 1.202614642173758