error_threshold = 0.5
prediction_horizon : 0.7338535585307607, median : 0.6724296923982302
ph_min : 0.3232835059606876, ph_max : 1.4741727871807355
stddev : 0.2654446987619535, IQR : 0.3879402071528252
1st quartile : 0.5043222692986727, 3rd quartile : 0.8922624764514979