prediction_horizon : 0.367638002978494, median : 0.3362148461991151
ph_min : 0.18103876333798508, ph_max : 0.7629490740672229
stddev : 0.11095745515109112, IQR : 0.10345072190742005
1st quantile : 0.29742082548383264, 3rd quantile : 0.4008715473912527