error_threshold = 0.5, num_runs : 100
prediction_horizon : 1.778995348652388, median : 1.6304438022272392
ph_min : 0.5434812674090799, ph_max : 3.5326282381590186
stddev : 0.7621150048460754, IQR : 1.2681229572878525
1st quartile : 1.0869625348181597, 3rd quartile : 2.3550854921060123