error_threshold = 0.5
prediction_horizon : 1.6621468761594358, median : 1.6304438022272392
ph_min : 0.09058021123484662, ph_max : 5.344232462855951
stddev : 0.8478206158556276, IQR : 1.0869625348181595
1st quartile : 0.9963823235833129, 3rd quartile : 2.0833448584014724