error_threshold = 0.5, num_runs : 100
prediction_horizon : 2.1105189217719267, median : 2.0833448584014724
ph_min : 0.0, ph_max : 4.166689716802945
stddev : 0.7407113351405235, IQR : 0.8152219011136197
1st quartile : 1.6304438022272392, 3rd quartile : 2.445665703340859