error_threshold = 0.5
prediction_horizon : 2.341498460420785, median : 2.3550854921060123
ph_min : 0.0, ph_max : 4.619590772977178
stddev : 0.9428503716235375, IQR : 1.177542746053006
1st quartile : 1.721024013462086, 3rd quartile : 2.898566759515092