error_threshold = 0.5, num_runs : 100
prediction_horizon : 2.425738056869193, median : 2.445665703340859
ph_min : 0.0, ph_max : 5.1630720403862576
stddev : 0.9592594052615314, IQR : 1.0869625348181595
1st quartile : 1.8116042246969324, 3rd quartile : 2.898566759515092