error_threshold = 0.5, num_runs : 100
prediction_horizon : 2.2146861646920004, median : 2.0833448584014724
ph_min : 0.0, ph_max : 5.1630720403862576
stddev : 0.9398870019831349, IQR : 1.0869625348181597
1st quartile : 1.5398635909923928, 3rd quartile : 2.6268261258105525