error_threshold = 0.5
prediction_horizon : 2.3125127928256344, median : 2.1739250696363195
ph_min : 0.0, ph_max : 4.7101709842120245
stddev : 1.034476377480504, IQR : 1.3587031685226991
1st quartile : 1.5398635909923928, 3rd quartile : 2.898566759515092