error_threshold = 0.5, num_runs : 100
prediction_horizon : 1.6186683747667092, median : 1.5398635909923928
ph_min : 0.27174063370453994, ph_max : 3.6232084493938648
stddev : 0.7804267155593901, IQR : 0.9058021123484661
1st quartile : 1.0869625348181597, 3rd quartile : 1.9927646471666258