error_threshold = 0.5
prediction_horizon : 2.152185818939956, median : 2.1739250696363195
ph_min : 0.0, ph_max : 6.068874152734724
stddev : 0.9601604933981527, IQR : 1.1775427460530066
1st quartile : 1.449283379757546, 3rd quartile : 2.6268261258105525