error_threshold = 0.5
prediction_horizon : 1.817944839483372, median : 1.5398635909923928
ph_min : 0.4529010561742331, ph_max : 5.1630720403862576
stddev : 0.9541717043802426, IQR : 1.2681229572878525
1st quartile : 1.0869625348181597, 3rd quartile : 2.3550854921060123