error_threshold = 0.5, num_runs : 50
prediction_horizon : 0.35000194582422656, median : 0.3260887694014533
ph_min : 0.027174064116787775, ph_max : 1.1956588211386623
stddev : 0.20595606255179244, IQR : 0.2536245984233526
1st quartile : 0.20833449156203962, 3rd quartile : 0.4619590899853922