error_threshold = 0.5
prediction_horizon : 0.6023418283059532, median : 0.5689789704908103
ph_min : 0.0, ph_max : 2.0043577369562633
stddev : 0.27838253365570675, IQR : 0.19397010357641253
1st quartile : 0.5043222692986727, 3rd quartile : 0.6982923728750853