error_threshold = 0.5, num_runs : 100
prediction_horizon : 0.36512884151590513, median : 0.34420481214597853
ph_min : 0.0, ph_max : 1.603269782890479
stddev : 0.24607726792589973, IQR : 0.23550855567882736
1st quartile : 0.19927647018977704, 3rd quartile : 0.4347850258686044