error_threshold = 0.5
prediction_horizon : 6.238333357822162, median : 5.688252275833465
ph_min : 2.3999007220897384, ph_max : 10.000489239227216
stddev : 2.3545494444894737, IQR : 3.7975855670088166
1st quartile : 4.485593223228676, 3rd quartile : 8.283178790237493