error_threshold = 0.5
prediction_horizon : 2.35529760106971, median : 1.9827622218619507
ph_min : 0.41172111710794607, ph_max : 5.000244619613608
stddev : 1.1631533679197057, IQR : 1.3110067150016178
1st quartile : 1.4897803579563837, 3rd quartile : 2.8007870729580016