prediction_horizon : 1.398783073590703, median : 1.3189967043196056
ph_min : 0.5431162900139552, ph_max : 3.1940410388915943
stddev : 0.5319578528038393, IQR : 0.633635671682948
1st quantile : 0.9957131983589179, 3rd quantile : 1.629348870041866