error_threshold = 0.5, num_runs : 100
prediction_horizon : 0.7914525993122469, median : 0.7503075738714275
ph_min : 0.02979560762666319, ph_max : 1.725436550744041
stddev : 0.4331780896266161, IQR : 0.7475988822690036
1st quartile : 0.39276028235146926, 3rd quartile : 1.140359164620473