num_runs : 100, error_threshold = 0.5
prediction_horizon : 0.9513587013411114, median : 0.8663997959746429
ph_min : 0.31035216572226015, ph_max : 2.4181606245859433
stddev : 0.37520615173168037, IQR : 0.4525969083449627
1st quartile : 0.6853610326366578, 3rd quartile : 1.1379579409816205