error_threshold = 0.5, num_runs : 50
prediction_horizon : 3.3709666463213086, median : 2.695148102121094
ph_min : 0.636542516581364, ph_max : 8.302139631156939
stddev : 1.8005552174998931, IQR : 2.05860558553973
1st quartile : 2.1263228745377476, 3rd quartile : 4.184928460077478