error_threshold = 0.5
prediction_horizon : 2.973737029058938, median : 2.749321933319508
ph_min : 1.0428462505694684, ph_max : 8.667812991746231
stddev : 1.339891256132929, IQR : 1.4085196111587628
1st quartile : 2.1534097901369544, 3rd quartile : 3.5619294012957172