error_threshold = 0.5
prediction_horizon : 3.025473037853424, median : 2.830582680117129
ph_min : 0.9886724193710545, ph_max : 7.746857861373195
stddev : 1.22321927934996, IQR : 1.4897803579563833
1st quartile : 2.194040163535765, 3rd quartile : 3.6838205214921484