error_threshold = 0.5
prediction_horizon : 2.9364925201100283, median : 2.722235017720301
ph_min : 1.056389708369072, ph_max : 7.245749922787866
stddev : 1.2419289952527752, IQR : 1.300171948761935
1st quartile : 2.1534097901369544, 3rd quartile : 3.4535817388988894