error_threshold = 0.5
prediction_horizon : 0.6900163151224917, median : 0.6336356716829478
ph_min : 0.3232835059606876, ph_max : 1.836250313856706
stddev : 0.2787807417259287, IQR : 0.3491461864375427
1st quartile : 0.4784595888218177, 3rd quartile : 0.8276057752593604