error_threshold = 0.5
prediction_horizon : 0.7101892058944387, median : 0.6336356716829478
ph_min : 0.3232835059606876, ph_max : 1.8233189736182784
stddev : 0.3185977829893663, IQR : 0.3491461864375427
1st quartile : 0.4784595888218177, 3rd quartile : 0.8276057752593604