error_threshold = 0.5
prediction_horizon : 0.7130341007468927, median : 0.6336356716829478
ph_min : 0.3232835059606876, ph_max : 1.8103876333798508
stddev : 0.317806043596494, IQR : 0.3491461864375427
1st quartile : 0.4784595888218177, 3rd quartile : 0.8276057752593604