prediction_horizon : 0.9761868745988923, median : 0.8663997959746429
ph_min : 0.43966556810653523, ph_max : 2.6509247488776384
stddev : 0.3918025164364568, IQR : 0.46552824858339015
1st quantile : 0.6982923728750853, 3rd quantile : 1.1638206214584754