error_threshold = 0.5
prediction_horizon : 1.5235591529701202, median : 1.3587031685226993
ph_min : 0.27174063370453994, ph_max : 4.347850139272639
stddev : 0.8123363435398624, IQR : 1.0869625348181597
1st quartile : 0.9058021123484662, 3rd quartile : 1.9927646471666258