error_threshold = 0.5
prediction_horizon : 2.0534533886939728, median : 2.0833448584014724
ph_min : 0.0, ph_max : 4.347850139272639
stddev : 0.7820440709808886, IQR : 1.1775427460530066
1st quartile : 1.449283379757546, 3rd quartile : 2.6268261258105525