error_threshold = 0.5, num_runs : 100
prediction_horizon : 2.053453388693973, median : 1.9927646471666258
ph_min : 0.8152219011136196, ph_max : 4.166689716802945
stddev : 0.7258923159734608, IQR : 0.9963823235833127
1st quartile : 1.5398635909923928, 3rd quartile : 2.5362459145757055