error_threshold = 0.5, num_runs : 100
prediction_horizon : 1.9538151563356418, median : 1.8116042246969324
ph_min : 0.6340614786439264, ph_max : 4.619590772977178
stddev : 0.788854837801344, IQR : 0.9058021123484663
1st quartile : 1.449283379757546, 3rd quartile : 2.3550854921060123