error_threshold = 0.5
prediction_horizon : 2.187512101321546, median : 2.0833448584014724
ph_min : 0.3623208449393865, ph_max : 4.619590772977178
stddev : 0.9773747503301007, IQR : 1.449283379757546
1st quartile : 1.449283379757546, 3rd quartile : 2.898566759515092