error_threshold = 0.5
prediction_horizon : 1.99638785561602, median : 1.9021844359317792
ph_min : 0.3623208449393865, ph_max : 4.347850139272639
stddev : 0.841852307786928, IQR : 1.1775427460530061
1st quartile : 1.3587031685226993, 3rd quartile : 2.5362459145757055