error_threshold = 0.5
prediction_horizon : 2.0860622647385174, median : 2.0833448584014724
ph_min : 0.3623208449393865, ph_max : 4.981911617916564
stddev : 0.882537180448666, IQR : 1.1775427460530066
1st quartile : 1.449283379757546, 3rd quartile : 2.6268261258105525