error_threshold = 0.5, num_runs : 100
prediction_horizon : 2.0036342725148075, median : 1.9021844359317792
ph_min : 0.6340614786439264, ph_max : 5.525392885325645
stddev : 0.7983688639331078, IQR : 0.9963823235833129
1st quartile : 1.449283379757546, 3rd quartile : 2.445665703340859