error_threshold = 0.5, num_runs : 100
prediction_horizon : 1.301637635444746, median : 1.1775427460530061
ph_min : 0.27174063370453994, ph_max : 4.347850139272639
stddev : 0.6967797011025328, IQR : 0.8152219011136196
1st quartile : 0.8152219011136196, 3rd quartile : 1.6304438022272392