error_threshold = 0.5
prediction_horizon : 1.301637635444746, median : 1.2681229572878527
ph_min : 0.27174063370453994, ph_max : 2.898566759515092
stddev : 0.5948927350407381, IQR : 0.8152219011136198
1st quartile : 0.9058021123484662, 3rd quartile : 1.721024013462086