error_threshold = 0.5, num_runs : 100
prediction_horizon : 1.4909502769255756, median : 1.3587031685226993
ph_min : 0.4529010561742331, ph_max : 3.8949490830984046
stddev : 0.7260465857902877, IQR : 0.996382323583313
1st quartile : 0.9058021123484662, 3rd quartile : 1.9021844359317792