error_threshold = 0.5
prediction_horizon : 2.1259175576818503, median : 2.1739250696363195
ph_min : 0.0, ph_max : 4.347850139272639
stddev : 0.7936454919642747, IQR : 1.0869625348181597
1st quartile : 1.5398635909923928, 3rd quartile : 2.6268261258105525