error_threshold = 0.5
prediction_horizon : 1.6748281057323147, median : 1.6304438022272392
ph_min : 0.4529010561742331, ph_max : 3.713788660628712
stddev : 0.7421493804765324, IQR : 1.1775427460530066
1st quartile : 0.9963823235833129, 3rd quartile : 2.1739250696363195