error_threshold = 0.5
prediction_horizon : 2.1820772886474553, median : 2.2645052808711656
ph_min : 0.0, ph_max : 5.344232462855951
stddev : 0.8594238794836133, IQR : 0.9058021123484665
1st quartile : 1.721024013462086, 3rd quartile : 2.6268261258105525