error_threshold = 0.5
prediction_horizon : 1.4692110262292117, median : 1.3587031685226993
ph_min : 0.4529010561742331, ph_max : 4.438430350507485
stddev : 0.6741480523326853, IQR : 0.9058021123484662
1st quartile : 0.9058021123484662, 3rd quartile : 1.8116042246969324