error_threshold = 0.5, num_runs : 100
prediction_horizon : 0.7505513561156456, median : 0.6988424334253729
ph_min : 0.02979560762666319, ph_max : 1.725436550744041
stddev : 0.43939504763701087, IQR : 0.7259293494496122
1st quartile : 0.37921682433934967, 3rd quartile : 1.1051461737889618