prediction_horizon : 1.4281372159319334, median : 1.331928044558033
ph_min : 0.5560476302523827, ph_max : 3.1940410388915943
stddev : 0.5780679946675253, IQR : 0.8017430947825055
1st quantile : 0.9569191776436354, 3rd quantile : 1.758662272426141