error_threshold = 0.5
prediction_horizon : 1.04084357579103, median : 0.943987837405208
ph_min : 0.4784595888218177, ph_max : 2.5991993879239286
stddev : 0.3928382605466265, IQR : 0.42673422786810744
1st quartile : 0.7500177338287954, 3rd quartile : 1.1767519616969029