error_threshold = 0.5
prediction_horizon : 1.3761532281734554, median : 1.3189967043196056
ph_min : 0.5560476302523827, ph_max : 3.0000709353151818
stddev : 0.5562135476740081, IQR : 0.7500177338287954
1st quartile : 0.9569191776436354, 3rd quartile : 1.7069369114724309