error_threshold = 0.5
prediction_horizon : 0.7222153523161761, median : 0.6336356716829478
ph_min : 0.2844894852454051, ph_max : 2.250053201486386
stddev : 0.28873325712422077, IQR : 0.2844894852454052
1st quartile : 0.5431162900139552, 3rd quartile : 0.8276057752593604