error_threshold = 0.5
prediction_horizon : 0.3163005822319368, median : 0.2844894852454051
ph_min : 0.15517608286113008, ph_max : 0.6982923728750853
stddev : 0.11765984808366564, IQR : 0.11638206214584754
1st quartile : 0.2327641242916951, 3rd quartile : 0.34914618643754264