error_threshold = 0.5
prediction_horizon : 1.382489584890285, median : 1.2672713433658955
ph_min : 0.5689789704908103, ph_max : 3.0000709353151818
stddev : 0.5523971139186875, IQR : 0.7112237131135128
1st quartile : 0.9698505178820629, 3rd quartile : 1.6810742309955757