error_threshold = 0.5
prediction_horizon : 1.2606763598442974, median : 1.150889281220048
ph_min : 0.5560476302523827, ph_max : 3.0000709353151818
stddev : 0.5117364319480429, IQR : 0.6724296923982302
1st quartile : 0.8793311362130705, 3rd quartile : 1.5517608286113007