error_threshold = 0.5, num_runs : 100
prediction_horizon : 3.250017979106297, median : 3.1703073932196317
ph_min : 0.4529010561742331, ph_max : 7.427577321257424
stddev : 1.4314126856600924, IQR : 1.8116042246969326
1st quartile : 2.2645052808711656, 3rd quartile : 4.076109505568098