error_threshold = 0.5
prediction_horizon : 2.4529121202396467, median : 2.3550854921060123
ph_min : 0.6340614786439264, ph_max : 4.619590772977178
stddev : 0.8473661359344918, IQR : 1.1775427460530064
1st quartile : 1.9021844359317792, 3rd quartile : 3.0797271819847856