error_threshold = 0.5, num_runs : 100
prediction_horizon : 2.5434923314744937, median : 2.2645052808711656
ph_min : 0.6340614786439264, ph_max : 7.699317954961963
stddev : 0.9970968276108061, IQR : 0.9963823235833131
1st quartile : 1.9927646471666258, 3rd quartile : 2.989146970749939