error_threshold = 0.5, num_runs : 100
prediction_horizon : 2.2554472597476813, median : 2.0833448584014724
ph_min : 0.4529010561742331, ph_max : 5.978293941499878
stddev : 0.953074290610263, IQR : 1.0869625348181595
1st quartile : 1.6304438022272392, 3rd quartile : 2.7174063370453987