error_threshold = 0.5
prediction_horizon : 2.2364254153883634, median : 2.0833448584014724
ph_min : 0.27174063370453994, ph_max : 4.981911617916564
stddev : 1.0666715060141754, IQR : 1.4492833797575462
1st quartile : 1.5398635909923928, 3rd quartile : 2.989146970749939