error_threshold = 0.5, num_runs : 100
prediction_horizon : 2.2962083548033614, median : 2.1739250696363195
ph_min : 0.5434812674090799, ph_max : 5.253652251621105
stddev : 0.8335717453471869, IQR : 0.9058021123484663
1st quartile : 1.8116042246969324, 3rd quartile : 2.7174063370453987