error_threshold = 0.5, num_runs : 100
prediction_horizon : 1.6730165015076173, median : 1.5398635909923928
ph_min : 0.3623208449393865, ph_max : 4.166689716802945
stddev : 0.868668948368092, IQR : 1.1775427460530066
1st quartile : 0.9963823235833129, 3rd quartile : 2.1739250696363195