error_threshold = 0.5, num_runs : 100
prediction_horizon : 2.491861611070631, median : 2.2645052808711656
ph_min : 0.9963823235833129, ph_max : 5.525392885325645
stddev : 0.8805864144612546, IQR : 0.8152219011136195
1st quartile : 1.9927646471666258, 3rd quartile : 2.8079865482802453