error_threshold = 0.5, num_runs : 100
prediction_horizon : 2.2799039167810897, median : 2.1739250696363195
ph_min : 0.5434812674090799, ph_max : 5.434812674090797
stddev : 1.0656218087170024, IQR : 1.1775427460530061
1st quartile : 1.6304438022272392, 3rd quartile : 2.8079865482802453