error_threshold = 0.5
prediction_horizon : 2.4982022258570695, median : 2.3550854921060123
ph_min : 0.6340614786439264, ph_max : 4.529010561742331
stddev : 0.8355188602819761, IQR : 1.0869625348181597
1st quartile : 1.9927646471666258, 3rd quartile : 3.0797271819847856