error_threshold = 0.5
prediction_horizon : 2.4547237244643436, median : 2.3550854921060123
ph_min : 0.6340614786439264, ph_max : 4.438430350507485
stddev : 0.8459920178304825, IQR : 1.2681229572878532
1st quartile : 1.8116042246969324, 3rd quartile : 3.0797271819847856