error_threshold = 0.5, num_runs : 100
prediction_horizon : 1.6521830529236028, median : 1.5398635909923928
ph_min : 0.4529010561742331, ph_max : 4.800751195446872
stddev : 0.8391385186077029, IQR : 1.0869625348181595
1st quartile : 0.9963823235833129, 3rd quartile : 2.0833448584014724