error_threshold = 0.5, num_runs : 100
prediction_horizon : 2.5344343103510085, median : 2.2645052808711656
ph_min : 0.9963823235833129, ph_max : 5.434812674090797
stddev : 0.8559690975055335, IQR : 0.9058021123484661
1st quartile : 1.9927646471666258, 3rd quartile : 2.898566759515092