error_threshold = 0.5, num_runs : 100
prediction_horizon : 2.574289603294341, median : 2.445665703340859
ph_min : 0.6340614786439264, ph_max : 4.891331406681718
stddev : 0.9306586651797795, IQR : 1.0869625348181597
1st quartile : 1.9927646471666258, 3rd quartile : 3.0797271819847856