error_threshold = 0.5, num_runs : 100
prediction_horizon : 2.418491639970405, median : 2.445665703340859
ph_min : 0.5434812674090799, ph_max : 4.891331406681718
stddev : 0.8776937356033928, IQR : 1.0869625348181595
1st quartile : 1.8116042246969324, 3rd quartile : 2.898566759515092