error_threshold = 0.5, num_runs : 100
prediction_horizon : 2.4873326005088883, median : 2.445665703340859
ph_min : 0.6340614786439264, ph_max : 6.7935158426134965
stddev : 0.9765386996666118, IQR : 1.1775427460530066
1st quartile : 1.8116042246969324, 3rd quartile : 2.989146970749939