error_threshold = 0.5, num_runs : 100
prediction_horizon : 1.6241031874408, median : 1.449283379757546
ph_min : 0.3623208449393865, ph_max : 4.800751195446872
stddev : 0.895531417839451, IQR : 0.9963823235833129
1st quartile : 0.9963823235833129, 3rd quartile : 1.9927646471666258