error_threshold = 0.5, num_runs : 100
prediction_horizon : 1.6856977310804957, median : 1.5398635909923928
ph_min : 0.3623208449393865, ph_max : 4.166689716802945
stddev : 0.8800644854617103, IQR : 1.1775427460530066
1st quartile : 0.9963823235833129, 3rd quartile : 2.1739250696363195