error_threshold = 0.5, num_runs : 100
prediction_horizon : 3.36052583681281, median : 3.2608876044544783
ph_min : 0.27174063370453994, ph_max : 7.155836687552884
stddev : 1.4345743723527404, IQR : 1.9927646471666267
1st quartile : 2.3550854921060123, 3rd quartile : 4.347850139272639