error_threshold = 0.5, num_runs : 100
prediction_horizon : 1.6911325437545868, median : 1.5398635909923928
ph_min : 0.3623208449393865, ph_max : 4.166689716802945
stddev : 0.8907360639296157, IQR : 1.2681229572878527
1st quartile : 0.9963823235833129, 3rd quartile : 2.2645052808711656