error_threshold = 0.5
prediction_horizon : 2.2210267794784393, median : 2.1739250696363195
ph_min : 0.5434812674090799, ph_max : 4.981911617916564
stddev : 0.8922477257259044, IQR : 1.177542746053006
1st quartile : 1.5398635909923928, 3rd quartile : 2.7174063370453987