error_threshold = 0.5, num_runs : 100
prediction_horizon : 2.381353753364118, median : 2.2645052808711656
ph_min : 0.3623208449393865, ph_max : 7.789898166196809
stddev : 1.0699432553921402, IQR : 0.9058021123484663
1st quartile : 1.8116042246969324, 3rd quartile : 2.7174063370453987