prediction_horizon : 3.1480054676427924, median : 3.038864956030464
ph_min : 1.383653405511743, ph_max : 6.9570610482739985
stddev : 0.931188172003806, IQR : 1.1379579409816207
1st quantile : 2.4698859855396536, 3rd quantile : 3.6078439265212743