error_threshold = 0.5
prediction_horizon : 1.037143418638994, median : 0.9058021123484662
ph_min : 0.09058021123484662, ph_max : 2.989146970749939
stddev : 0.7864715190232928, IQR : 1.0869625348181595
1st quartile : 0.3623208449393865, 3rd quartile : 1.449283379757546