prediction_horizon : 2.511007647497853, median : 2.4440233050627986
ph_min : 0.8017430947825054, ph_max : 4.5776944444033365
stddev : 0.829513736958073, IQR : 1.150889281220048
1st quantile : 1.887975674810416, 3rd quantile : 3.038864956030464