error_threshold = 0.5
prediction_horizon : 1.0227396994572313, median : 0.9569191776436354
ph_min : 0.4525969083449627, ph_max : 2.379366603870661
stddev : 0.36131976541972527, IQR : 0.4008715473912525
1st quartile : 0.7629490740672229, 3rd quartile : 1.1638206214584754