error_threshold = 0.5
prediction_horizon : 0.879072509408302, median : 0.8922624764514979
ph_min : 0.4008715473912527, ph_max : 1.887975674810416
stddev : 0.3038230979092816, IQR : 0.4138028876296803
1st quartile : 0.6465670119213752, 3rd quartile : 1.0603698995510555