error_threshold = 0.5
prediction_horizon : 0.9895061550444727, median : 0.943987837405208
ph_min : 0.4138028876296802, ph_max : 2.198327840532676
stddev : 0.3577823063887744, IQR : 0.5043222692986727
1st quartile : 0.6982923728750853, 3rd quartile : 1.202614642173758