error_threshold = 0.5
prediction_horizon : 1.021317252031004, median : 0.9569191776436354
ph_min : 0.4655282485833902, ph_max : 2.250053201486386
stddev : 0.371505409721763, IQR : 0.5043222692986727
1st quartile : 0.6982923728750853, 3rd quartile : 1.202614642173758