error_threshold = 0.5
prediction_horizon : 1.0491196335436235, median : 0.9698505178820629
ph_min : 0.36207752667597015, ph_max : 2.172465160055821
stddev : 0.3775183141008449, IQR : 0.4784595888218177
1st quartile : 0.7758804143056504, 3rd quartile : 1.254340003127468