error_threshold = 0.5
prediction_horizon : 1.3548165167800503, median : 1.3060653640811781
ph_min : 0.5301849497755278, ph_max : 3.0000709353151818
stddev : 0.4690703706135795, IQR : 0.6077729912060928
1st quartile : 0.9827818581204905, 3rd quartile : 1.5905548493265833