error_threshold = 0.5
prediction_horizon : 1.2105027597191989, median : 1.125026600743193
ph_min : 0.49139092906024523, ph_max : 2.6121307281623563
stddev : 0.43546139931043504, IQR : 0.5431162900139551
1st quartile : 0.8663997959746429, 3rd quartile : 1.409516085988598