res_layer_wt_0 : 0.7962990999221802
res_layer_wt_1 : 0.8358286619186401
