error_threshold = 0.5
prediction_horizon : 0.9309271837643959, median : 0.814674435020933
ph_min : 0.4267342278681077, ph_max : 2.1853965002942486
stddev : 0.3826955589366984, IQR : 0.5043222692986727
1st quartile : 0.6336356716829478, 3rd quartile : 1.1379579409816205