res_layer_wt_0 : 0.7963157892227173
res_layer_wt_1 : 0.8357828855514526
