res_layer_wt_0 : 0.7969128489494324
res_layer_wt_1 : 0.8364489674568176
