res_layer_wt_0 : 0.796310305595398
res_layer_wt_1 : 0.8358433246612549
