res_layer_wt_0 : 0.9781830310821533
res_layer_wt_1 : 0.9787268042564392
