error_threshold = 0.5
prediction_horizon : 1.3961968055430178, median : 1.3060653640811781
ph_min : 0.5301849497755278, ph_max : 3.0000709353151818
stddev : 0.5027164087875572, IQR : 0.5948416509676653
1st quartile : 1.0086445385973455, 3rd quartile : 1.6034861895650108