res_layer_wt_0 : 0.8667861223220825
res_layer_wt_1 : 0.8961949348449707
