error_threshold = 0.5
prediction_horizon : 2.239142821725409, median : 2.0833448584014724
ph_min : 0.27174063370453994, ph_max : 4.981911617916564
stddev : 1.0719187338856815, IQR : 1.4492833797575462
1st quartile : 1.5398635909923928, 3rd quartile : 2.989146970749939