error_threshold = 0.5
prediction_horizon : 0.4257269928037792, median : 0.3623208449393865
ph_min : 0.0, ph_max : 1.0869625348181597
stddev : 0.23741693697942157, IQR : 0.36232084493938665
1st quartile : 0.18116042246969324, 3rd quartile : 0.5434812674090799