error_threshold = 0.5
prediction_horizon : 1.755444493731328, median : 1.8116042246969324
ph_min : 0.3623208449393865, ph_max : 4.2572699280377915
stddev : 0.7028907663778537, IQR : 0.9058021123484667
1st quartile : 1.2681229572878527, 3rd quartile : 2.1739250696363195