error_threshold = 0.5
prediction_horizon : 0.5036259744657472, median : 0.5434812674090799
ph_min : 0.0, ph_max : 1.5398635909923928
stddev : 0.24484151124660603, IQR : 0.36232084493938643
1st quartile : 0.27174063370453994, 3rd quartile : 0.6340614786439264