error_threshold = 0.5
prediction_horizon : 0.6494601145538503, median : 0.6340614786439264
ph_min : 0.0, ph_max : 1.9927646471666258
stddev : 0.39732718237233305, IQR : 0.3623208449393865
1st quartile : 0.3623208449393865, 3rd quartile : 0.724641689878773