error_threshold = 0.5, num_runs : 50
prediction_horizon : 2.897216492491178, median : 2.8712130535159393
ph_min : 0.9480420459722442, ph_max : 4.008863508682633
stddev : 0.9247031840744911, IQR : 1.4491499845575735
1st quartile : 2.2617574525337822, 3rd quartile : 3.7109074370913557