error_threshold = 0.5, num_runs : 50
prediction_horizon : 3.5516363733680185, median : 2.938930342513957
ph_min : 0.5146513963849325, ph_max : 8.356313462355352
stddev : 1.9062233979300611, IQR : 2.2617574525337822
1st quartile : 2.1804967057361617, 3rd quartile : 4.442254158269944