error_threshold = 0.5
prediction_horizon : 1.0299812499907508, median : 0.9698505178820629
ph_min : 0.5043222692986727, ph_max : 2.1595338198173932
stddev : 0.392275461867039, IQR : 0.4525969083449627
1st quartile : 0.7112237131135127, 3rd quartile : 1.1638206214584754