error_threshold = 0.5
prediction_horizon : 1.1755881410754443, median : 1.073301239789483
ph_min : 0.49139092906024523, ph_max : 2.5216113464933634
stddev : 0.4364671003225103, IQR : 0.4784595888218176
1st quartile : 0.8663997959746429, 3rd quartile : 1.3448593847964605