error_threshold = 0.5
prediction_horizon : 1.1639499348608597, median : 1.0603698995510555
ph_min : 0.4655282485833902, ph_max : 2.896620213407761
stddev : 0.4795888572195238, IQR : 0.5948416509676652
1st quartile : 0.7888117545440779, 3rd quartile : 1.383653405511743