error_threshold = 0.5, num_runs : 100
prediction_horizon : 3.1251528872585044, median : 2.722235017720301
ph_min : 0.8261509257758127, ph_max : 9.995071856107375
stddev : 1.7024028137149092, IQR : 2.0179752121409193
1st quartile : 1.9367144653432988, 3rd quartile : 3.954689677484218