error_threshold = 0.5
prediction_horizon : 3.3265441047386086, median : 3.060821462710388
ph_min : 0.9209551303730371, ph_max : 7.475988705381125
stddev : 1.5269631903745278, IQR : 2.0450621277401266
1st quartile : 2.166953247936558, 3rd quartile : 4.2120153756766845