error_threshold = 0.5, num_runs : 100
prediction_horizon : 3.5466252939821654, median : 3.2097994985060265
ph_min : 1.0022158771706582, ph_max : 7.543705994379143
stddev : 1.5934379195536967, IQR : 2.1804967057361617
1st quartile : 2.302387825932593, 3rd quartile : 4.482884531668755