error_threshold = 0.5, num_runs : 100
prediction_horizon : 3.3268149738946007, median : 3.114995293908802
ph_min : 1.0022158771706582, ph_max : 7.584336367777953
stddev : 1.5253716040196397, IQR : 1.9367144653432993
1st quartile : 2.166953247936558, 3rd quartile : 4.103667713279857