prediction_horizon : 0.7440693173191186, median : 0.6724296923982302
ph_min : 0.31035216572226015, ph_max : 1.8103876333798508
stddev : 0.2953469419369825, IQR : 0.3362148461991151
1st quantile : 0.5301849497755278, 3rd quantile : 0.8663997959746429