prediction_horizon : 0.6574293377216542, median : 0.6207043314445203
ph_min : 0.29742082548383264, ph_max : 1.254340003127468
stddev : 0.2106953071507738, IQR : 0.2715581450069776
1st quantile : 0.5043222692986727, 3rd quantile : 0.7758804143056504