i : 8, name : attention_module, lambda_att : 0.4673555791378021
i : 13, name : attention_module_1, lambda_att : 0.3456929326057434
i : 18, name : attention_module_2, lambda_att : -0.15470565855503082
