i : 5, name : attention_module_3, lambda_att : -0.41356414556503296
i : 11, name : attention_module_4, lambda_att : -0.3519741892814636
