error_threshold = 0.5
prediction_horizon : 0.6563948305025802, median : 0.5819103107292377
ph_min : 0.29742082548383264, ph_max : 1.3189967043196056
stddev : 0.22263036409760928, IQR : 0.3103521657222602
1st quartile : 0.4784595888218177, 3rd quartile : 0.7888117545440779