error_threshold = 0.5, num_runs : 100
prediction_horizon : 3.1540004523716614, median : 2.91184342691475
ph_min : 0.5011079385853291, ph_max : 4.997535928053687
stddev : 1.3570602565378176, IQR : 2.5597135241250593
1st quartile : 2.0721490433393335, 3rd quartile : 4.631862567464393