error_threshold = 0.5, num_runs : 100
prediction_horizon : 1.6603352719347384, median : 1.449283379757546
ph_min : 0.5434812674090799, ph_max : 3.5326282381590186
stddev : 0.7626030774091213, IQR : 0.9058021123484661
1st quartile : 1.0869625348181597, 3rd quartile : 1.9927646471666258