error_threshold = 0.5
prediction_horizon : 1.6539946571482995, median : 1.5398635909923928
ph_min : 0.0, ph_max : 4.619590772977178
stddev : 0.8153849291926643, IQR : 0.9963823235833127
1st quartile : 1.0869625348181597, 3rd quartile : 2.0833448584014724