error_threshold = 0.5
prediction_horizon : 1.6648642824964808, median : 1.5398635909923928
ph_min : 0.4529010561742331, ph_max : 4.076109505568098
stddev : 0.7623582730098084, IQR : 0.8152219011136197
1st quartile : 1.1775427460530061, 3rd quartile : 1.9927646471666258