error_threshold = 0.5, num_runs : 100
prediction_horizon : 1.654900459260648, median : 1.5398635909923928
ph_min : 0.27174063370453994, ph_max : 5.344232462855951
stddev : 0.862260335692574, IQR : 0.9963823235833129
1st quartile : 0.9963823235833129, 3rd quartile : 1.9927646471666258