error_threshold = 0.5, num_runs : 100
prediction_horizon : 1.7346110451473131, median : 1.6304438022272392
ph_min : 0.5434812674090799, ph_max : 4.891331406681718
stddev : 0.827644926910288, IQR : 1.2681229572878527
1st quartile : 0.9963823235833129, 3rd quartile : 2.2645052808711656