error_threshold = 0.5
prediction_horizon : 0.9302587693818749, median : 0.724641689878773
ph_min : 0.0, ph_max : 3.442048026924172
stddev : 0.7550125495916631, IQR : 0.8152219011136197
1st quartile : 0.4529010561742331, 3rd quartile : 1.2681229572878527