error_threshold = 0.5, num_runs : 100
prediction_horizon : 0.923012352483087, median : 0.724641689878773
ph_min : 0.0, ph_max : 3.3514678156893254
stddev : 0.7322663607817093, IQR : 0.8152219011136197
1st quartile : 0.4529010561742331, 3rd quartile : 1.2681229572878527