error_threshold = 0.5, num_runs : 100
prediction_horizon : 1.5806246860480735, median : 1.5398635909923928
ph_min : 0.27174063370453994, ph_max : 4.2572699280377915
stddev : 0.7467650381499341, IQR : 0.9058021123484663
1st quartile : 0.9963823235833129, 3rd quartile : 1.9021844359317792