error_threshold = 0.5
prediction_horizon : 1.7563502958436763, median : 1.5398635909923928
ph_min : 0.0, ph_max : 4.981911617916564
stddev : 0.8272006873970437, IQR : 0.9963823235833134
1st quartile : 1.1775427460530061, 3rd quartile : 2.1739250696363195