error_threshold = 0.5
prediction_horizon : 1.6331612085642848, median : 1.5398635909923928
ph_min : 0.0, ph_max : 3.6232084493938648
stddev : 0.7182108318864722, IQR : 0.8152219011136197
1st quartile : 1.1775427460530061, 3rd quartile : 1.9927646471666258