error_threshold = 0.5
prediction_horizon : 3.6277374599556067, median : 3.6232084493938648
ph_min : 0.3623208449393865, ph_max : 8.152219011136197
stddev : 1.5530412412502268, IQR : 2.0833448584014724
1st quartile : 2.5362459145757055, 3rd quartile : 4.619590772977178