error_threshold = 0.5
prediction_horizon : 4.14268596082571, median : 4.0670514844446135
ph_min : 0.9692082602128589, ph_max : 8.29714734911195
stddev : 1.555781182867411, IQR : 1.8387782880673869
1st quartile : 3.1703073932196317, 3rd quartile : 5.009085681287019