error_threshold = 0.5
prediction_horizon : 0.16157345154926958, median : 0.0
ph_min : 0.0, ph_max : 1.638758393752022
stddev : 0.3276355594068321, IQR : 0.16252149359524184
1st quartile : 0.0, 3rd quartile : 0.16252149359524184