error_threshold = 0.5
prediction_horizon : 1.05416285623661, median : 0.9957131983589179
ph_min : 0.4267342278681077, ph_max : 2.250053201486386
stddev : 0.37264470024887003, IQR : 0.5172536095371001
1st quartile : 0.7629490740672229, 3rd quartile : 1.280202683604323