error_threshold = 0.5
prediction_horizon : 0.7346294389450665, median : 0.6982923728750853
ph_min : 0.4138028876296802, ph_max : 1.3189967043196056
stddev : 0.1972501641715565, IQR : 0.2844894852454052
1st quartile : 0.5819103107292377, 3rd quartile : 0.8663997959746429