error_threshold = 0.5
prediction_horizon : 0.8696326310342498, median : 0.814674435020933
ph_min : 0.4008715473912527, ph_max : 1.7069369114724309
stddev : 0.2815374322506309, IQR : 0.33621484619911524
1st quartile : 0.6724296923982302, 3rd quartile : 1.0086445385973455