error_threshold = 0.5, num_runs : 100
prediction_horizon : 1.4775912459367402, median : 1.2459981175635209
ph_min : 0.5011079385853291, ph_max : 4.279732664674702
stddev : 0.8035311940644307, IQR : 0.9344985881726406
1st quartile : 0.8938682147738302, 3rd quartile : 1.8283668029464708