error_threshold = 0.5, num_runs : 100
prediction_horizon : 2.342205591863427, median : 2.166953247936558
ph_min : 0.7719770945773988, ph_max : 5.674708818033861
stddev : 1.0325975257098916, IQR : 1.1511939129662963
1st quartile : 1.6252149359524186, 3rd quartile : 2.776408848918715