ORIGINAL (multi-point) ERROR; error_threshold = 0.5
prediction_horizon : 1.7905805556855774, median : 1.557497646954401
ph_min : 0.5959121431825535, ph_max : 3.995320050883029
stddev : 0.9209278339259925, IQR : 0.9074116725734338
1st quartile : 1.191824286365107, 3rd quartile : 2.0992359589385408

NEW (cumulative) ERROR; error_threshold = 0.5
prediction_horizon : 1.777443401619962, median : 1.5033238157559872
ph_min : 0.6094556009821569, ph_max : 3.995320050883029
stddev : 0.9375734295702923, IQR : 0.9751289615714509
1st quartile : 1.0970200817678826, 3rd quartile : 2.0721490433393335