ORIGINAL (multi-point) ERROR; error_threshold = 0.5
prediction_horizon : 2.206771013867393, median : 1.9231710075436952
ph_min : 0.6500859743809674, ph_max : 3.995320050883029
stddev : 0.9844758385793932, IQR : 1.2866284909623313
1st quartile : 1.47623690015678, 3rd quartile : 2.7628653911191114

NEW (cumulative) ERROR; error_threshold = 0.5
prediction_horizon : 2.2035205839954877, median : 1.9096275497440918
ph_min : 0.636542516581364, ph_max : 3.995320050883029
stddev : 0.9874258208739866, IQR : 1.3137154065615382
1st quartile : 1.4626934423571767, 3rd quartile : 2.776408848918715