error_threshold = 0.5, num_runs : 100
prediction_horizon : 2.4221119928810877, median : 2.194040163535765
ph_min : 0.7990640101766058, ph_max : 5.498643866639016
stddev : 1.0473546030107184, IQR : 1.191824286365107
1st quartile : 1.6658453093512289, 3rd quartile : 2.857669595716336