error_threshold = 0.5, num_runs : 100
prediction_horizon : 2.2090734016933253, median : 1.8960840919444883
ph_min : 0.6907163477797779, ph_max : 4.672492940863203
stddev : 1.0889494176240935, IQR : 1.191824286365107
1st quartile : 1.4491499845575733, 3rd quartile : 2.6409742709226802