ORIGINAL (multi-point) ERROR; error_threshold = 0.5
prediction_horizon : 2.328933003219816, median : 2.1804967057361617
ph_min : 0.7178032633789848, ph_max : 3.995320050883029
stddev : 0.915222988065021, IQR : 1.0428462505694684
1st quartile : 1.7471060561488498, 3rd quartile : 2.7899523067183183

NEW (cumulative) ERROR; error_threshold = 0.5
prediction_horizon : 2.3441016759553723, median : 2.2075836213353686
ph_min : 0.7178032633789848, ph_max : 3.995320050883029
stddev : 0.9246853313926049, IQR : 1.0293027927698652
1st quartile : 1.774192971748057, 3rd quartile : 2.803495764517922