ORIGINAL (multi-point) ERROR; error_threshold = 0.5
prediction_horizon : 1.494926871920233, median : 1.2595415753631243
ph_min : 0.27086915599206973, ph_max : 3.995320050883029
stddev : 0.8152931668300758, IQR : 0.8396943835754164
1st quartile : 0.9209551303730371, 3rd quartile : 1.7606495139484535

NEW (cumulative) ERROR; error_threshold = 0.5
prediction_horizon : 1.6108588706848392, median : 1.3272588643611418
ph_min : 0.3250429871904837, ph_max : 3.995320050883029
stddev : 0.9549392501258501, IQR : 0.9074116725734338
1st quartile : 0.9886724193710545, 3rd quartile : 1.8960840919444883