error_threshold = 0.5, num_runs : 100
prediction_horizon : 1.7852986071437318, median : 1.5033238157559872
ph_min : 0.5959121431825535, ph_max : 4.550601820666772
stddev : 1.0016197511332627, IQR : 1.0428462505694687
1st quartile : 1.056389708369072, 3rd quartile : 2.0992359589385408