prediction_horizon : 1.430076916967698, median : 1.3060653640811781
ph_min : 0.6336356716829478, ph_max : 3.013002275553609
stddev : 0.5261199486576688, IQR : 0.7500177338287954
1st quantile : 1.0345072190742004, 3rd quantile : 1.7845249529029958