error_threshold = 0.5
prediction_horizon : 0.6208336448469045, median : 0.5819103107292377
ph_min : 0.2844894852454051, ph_max : 1.202614642173758
stddev : 0.18003374867786717, IQR : 0.23276412429169502
1st quartile : 0.5043222692986727, 3rd quartile : 0.7370863935903678