error_threshold = 0.5
prediction_horizon : 0.9629969075556963, median : 0.9569191776436354
ph_min : 0.36207752667597015, ph_max : 2.2371218612479584
stddev : 0.32938362506482965, IQR : 0.4525969083449627
1st quartile : 0.7112237131135127, 3rd quartile : 1.1638206214584754