error_threshold = 0.5
prediction_horizon : 0.6597569789645713, median : 0.6207043314445203
ph_min : 0.2844894852454051, ph_max : 1.331928044558033
stddev : 0.2039873734147522, IQR : 0.2456954645301226
1st quartile : 0.5301849497755278, 3rd quartile : 0.7758804143056504