error_threshold = 0.5
prediction_horizon : 1.8646992623812466, median : 1.6681428907571483
ph_min : 0.6594983521598028, ph_max : 3.8794020715282516
stddev : 0.7074707762819938, IQR : 0.9569191776436354
1st quartile : 1.3448593847964605, 3rd quartile : 2.301778562440096