error_threshold = 0.5
prediction_horizon : 1.4519308819706402, median : 1.409516085988598
ph_min : 0.5948416509676653, ph_max : 2.767306811023486
stddev : 0.5005216519824013, IQR : 0.6336356716829479
1st quartile : 1.073301239789483, 3rd quartile : 1.7069369114724309