   kernel_size_list : [3 5 7], [3 5 7], [3 5 7], [3 5 7]
attention_used_list : True, True, True, True
  latent_space_size : 18, 27, 36, 45
                 AE : 9.99996841E-01, 9.99998033E-01, 9.99998510E-01, 9.99998868E-01
                POD : 9.99989167E-01, 9.99993399E-01, 9.99996153E-01, 9.99997953E-01
