prediction_horizon : 2.5265252557839655, median : 2.4181606245859433
ph_min : 0.9569191776436354, ph_max : 5.896691148722942
stddev : 0.8878846544481024, IQR : 1.0086445385973453
1st quantile : 1.9138383552872709, 3rd quantile : 2.922482893884616