error_threshold = 0.5
prediction_horizon : 2.4768689092684046, median : 2.2112591807711035
ph_min : 1.0345072190742004, ph_max : 5.004428672271445
stddev : 0.9193417546024196, IQR : 1.293134023842751
1st quartile : 1.7069369114724309, 3rd quartile : 3.0000709353151818