   kernel_size_list : [3 5 7], [3 5 7], [3 5 7], [3 5 7]
attention_used_list : True, True, True, True
  latent_space_size : 18, 27, 36, 45
                 AE : 9.99993920E-01, 9.99996722E-01, 9.99997616E-01, 9.99998093E-01
                POD : 9.99982357E-01, 9.99986649E-01, 9.99989748E-01, 9.99992430E-01
