error_threshold = 0.5
prediction_horizon : 1.0990346068639538, median : 1.0474385593126279
ph_min : 0.4784595888218177, ph_max : 2.2629845417248133
stddev : 0.38627493420286807, IQR : 0.5043222692986725
1st quartile : 0.7888117545440779, 3rd quartile : 1.2931340238427504