error_threshold = 0.5
prediction_horizon : 1.1097676192618484, median : 1.0862325800279105
ph_min : 0.4655282485833902, ph_max : 2.5733367074470737
stddev : 0.4244765566656021, IQR : 0.5172536095371001
1st quartile : 0.7758804143056504, 3rd quartile : 1.2931340238427504