error_threshold = 0.5
prediction_horizon : 0.8224332391639894, median : 0.7500177338287954
ph_min : 0.29742082548383264, ph_max : 2.0819457783868285
stddev : 0.3207598028112556, IQR : 0.46552824858339026
1st quartile : 0.5560476302523827, 3rd quartile : 1.021575878835773