error_threshold = 0.5
prediction_horizon : 0.9886009612277831, median : 0.943987837405208
ph_min : 0.4008715473912527, ph_max : 2.379366603870661
stddev : 0.36194068261840007, IQR : 0.4784595888218176
1st quartile : 0.6982923728750853, 3rd quartile : 1.1767519616969029