error_threshold = 0.5
prediction_horizon : 1.1258024811574987, median : 1.021575878835773
ph_min : 0.3232835059606876, ph_max : 2.637993408639211
stddev : 0.4578820136238362, IQR : 0.5948416509676651
1st quartile : 0.7500177338287954, 3rd quartile : 1.3448593847964605