error_threshold = 0.5
prediction_horizon : 0.41367357422729595, median : 0.3750088669143977
ph_min : 0.14224474262270256, ph_max : 0.9698505178820629
stddev : 0.15305479897459257, IQR : 0.16810742309955756
1st quartile : 0.31035216572226015, 3rd quartile : 0.4784595888218177