prediction_horizon : 1.181407244182737, median : 1.0345072190742004
ph_min : 0.5819103107292377, ph_max : 2.767306811023486
stddev : 0.4662121015609977, IQR : 0.5172536095371002
1st quantile : 0.8534684557362154, 3rd quantile : 1.3707220652733156