error_threshold = 0.5, num_runs : 100
prediction_horizon : 2.422114848419799, median : 2.3550854921060123
ph_min : 0.6340614786439264, ph_max : 6.068874152734724
stddev : 1.0814852381285023, IQR : 1.5398635909923928
1st quartile : 1.5398635909923928, 3rd quartile : 3.0797271819847856