error_threshold = 0.5, num_runs : 100
prediction_horizon : 2.317947605499725, median : 2.2645052808711656
ph_min : 0.4529010561742331, ph_max : 4.981911617916564
stddev : 0.8613311294116821, IQR : 1.0869625348181593
1st quartile : 1.721024013462086, 3rd quartile : 2.8079865482802453