error_threshold = 0.5
prediction_horizon : 1.09075854911136, median : 1.0086445385973455
ph_min : 0.4267342278681077, ph_max : 2.405229284347516
stddev : 0.4010399323045644, IQR : 0.5043222692986726
1st quartile : 0.7758804143056504, 3rd quartile : 1.280202683604323