error_threshold = 0.5
prediction_horizon : 1.0708442851441817, median : 1.0086445385973455
ph_min : 0.43966556810653523, ph_max : 2.3922979441090884
stddev : 0.3718280684240529, IQR : 0.4525969083449626
1st quartile : 0.7758804143056504, 3rd quartile : 1.228477322650613