error_threshold = 0.5
prediction_horizon : 1.1331733450934025, median : 1.021575878835773
ph_min : 0.5301849497755278, ph_max : 3.0000709353151818
stddev : 0.43269452821674836, IQR : 0.439665568106535
1st quartile : 0.8534684557362154, 3rd quartile : 1.2931340238427504