prediction_horizon : 0.6335063582805636, median : 0.5689789704908103
ph_min : 0.29742082548383264, ph_max : 1.836250313856706
stddev : 0.23631114121201585, IQR : 0.2198327840532675
1st quantile : 0.49139092906024523, 3rd quantile : 0.7112237131135127