error_threshold = 0.5
prediction_horizon : 0.2396177346180617, median : 0.2327641242916951
ph_min : 0.10345072190742005, ph_max : 0.34914618643754264
stddev : 0.055693557500938094, IQR : 0.09051938166899254
1st quartile : 0.1939701035764126, 3rd quartile : 0.2844894852454051