prediction_horizon : 0.7513108678526382, median : 0.6982923728750853
ph_min : 0.3232835059606876, ph_max : 1.7327995919492858
stddev : 0.27775302729762796, IQR : 0.3103521657222602
1st quantile : 0.5560476302523827, 3rd quantile : 0.8663997959746429