error_threshold = 0.5
prediction_horizon : 1.2174856834479495, median : 1.125026600743193
ph_min : 0.5689789704908103, ph_max : 2.715581450069776
stddev : 0.4573066593945413, IQR : 0.5819103107292377
1st quartile : 0.8534684557362154, 3rd quartile : 1.4353787664654531