error_threshold = 0.5
prediction_horizon : 1.2644264485134415, median : 1.1638206214584754
ph_min : 0.6077729912060927, ph_max : 3.0000709353151818
stddev : 0.4927997188203219, IQR : 0.6207043314445204
1st quartile : 0.8922624764514979, 3rd quartile : 1.5129668078960183