error_threshold = 0.5
prediction_horizon : 0.6275579417708869, median : 0.5560476302523827
ph_min : 0.2715581450069776, ph_max : 1.2672713433658955
stddev : 0.2342568945119541, IQR : 0.2715581450069776
1st quartile : 0.4525969083449627, 3rd quartile : 0.7241550533519403