error_threshold = 0.5
prediction_horizon : 1.3153759290528457, median : 1.254340003127468
ph_min : 0.6465670119213752, ph_max : 3.0000709353151818
stddev : 0.46414714429460335, IQR : 0.5689789704908104
1st quartile : 0.9569191776436354, 3rd quartile : 1.5258981481344458