error_threshold = 0.5
prediction_horizon : 0.8603220660625819, median : 0.7758804143056504
ph_min : 0.3362148461991151, ph_max : 2.172465160055821
stddev : 0.32867211273826485, IQR : 0.4784595888218177
1st quartile : 0.5948416509676653, 3rd quartile : 1.073301239789483