error_threshold = 0.5
prediction_horizon : 0.34099944208733324, median : 0.29742082548383264
ph_min : 0.18103876333798508, ph_max : 1.0603698995510555
stddev : 0.14169887435438355, IQR : 0.12931340238427508
1st quartile : 0.2586268047685501, 3rd quartile : 0.3879402071528252