error_threshold = 0.5
prediction_horizon : 0.6923439563654087, median : 0.6594983521598028
ph_min : 0.3362148461991151, ph_max : 1.7327995919492858
stddev : 0.24978195013923576, IQR : 0.34914618643754264
1st quartile : 0.49139092906024523, 3rd quartile : 0.8405371154977879