error_threshold = 0.5
prediction_horizon : 0.8710550784604769, median : 0.7629490740672229
ph_min : 0.34914618643754264, ph_max : 2.3664352636322334
stddev : 0.40570838879535914, IQR : 0.5172536095371003
1st quartile : 0.5560476302523827, 3rd quartile : 1.073301239789483