error_threshold = 0.5
prediction_horizon : 0.7668284761387512, median : 0.7112237131135127
ph_min : 0.31035216572226015, ph_max : 1.836250313856706
stddev : 0.3050672816272778, IQR : 0.3879402071528252
1st quartile : 0.5172536095371002, 3rd quartile : 0.9051938166899254