error_threshold = 0.5
prediction_horizon : 0.6302735232209566, median : 0.5431162900139552
ph_min : 0.2715581450069776, ph_max : 1.461241446942308
stddev : 0.24734121671361847, IQR : 0.3491461864375427
1st quartile : 0.4525969083449627, 3rd quartile : 0.8017430947825054