error_threshold = 0.5
prediction_horizon : 0.8228211793711421, median : 0.7758804143056504
ph_min : 0.31035216572226015, ph_max : 1.9138383552872709
stddev : 0.3179356388073646, IQR : 0.4525969083449628
1st quartile : 0.5560476302523827, 3rd quartile : 1.0086445385973455