i : 8, name : attention_module, lambda_att : 0.2366057187318802
i : 13, name : attention_module_1, lambda_att : 0.13314080238342285
i : 18, name : attention_module_2, lambda_att : 0.1776799112558365
