i : 5, name : attention_module_3, lambda_att : 0.20485001802444458
i : 11, name : attention_module_4, lambda_att : -0.6702556014060974
