error_threshold = 0.5
prediction_horizon : 1.0132998210831794, median : 0.918125156928353
ph_min : 0.31035216572226015, ph_max : 2.8578261926924786
stddev : 0.4519777016668301, IQR : 0.4525969083449627
1st quartile : 0.6853610326366578, 3rd quartile : 1.1379579409816205