error_threshold = 0.5
prediction_horizon : 0.6535499356501261, median : 0.5560476302523827
ph_min : 0.2715581450069776, ph_max : 1.758662272426141
stddev : 0.27073433905245126, IQR : 0.33621484619911524
1st quartile : 0.4525969083449627, 3rd quartile : 0.7888117545440779