error_threshold = 0.5
prediction_horizon : 0.9014437280207815, median : 0.8276057752593604
ph_min : 0.3879402071528252, ph_max : 1.9397010357641258
stddev : 0.33216832617431186, IQR : 0.43966556810653523
1st quartile : 0.6336356716829478, 3rd quartile : 1.073301239789483