error_threshold = 0.5
prediction_horizon : 1.05416285623661, median : 0.9698505178820629
ph_min : 0.49139092906024523, ph_max : 2.4181606245859433
stddev : 0.412529940596026, IQR : 0.5560476302523827
1st quartile : 0.7241550533519403, 3rd quartile : 1.280202683604323