error_threshold = 0.5
prediction_horizon : 0.19927646471666258, median : 0.09058021123484662
ph_min : 0.0, ph_max : 2.6268261258105525
stddev : 0.3634513339421468, IQR : 0.27174063370453994
1st quartile : 0.0, 3rd quartile : 0.27174063370453994