error_threshold = 0.5
prediction_horizon : 0.19837066260431416, median : 0.18116042246969324
ph_min : 0.0, ph_max : 0.9058021123484662
stddev : 0.2225012131771864, IQR : 0.27174063370453994
1st quartile : 0.0, 3rd quartile : 0.27174063370453994