error_threshold = 0.5
prediction_horizon : 1.052611095407999, median : 0.9827818581204905
ph_min : 0.4138028876296802, ph_max : 1.8750443345719883
stddev : 0.3467914471441474, IQR : 0.5172536095371001
1st quartile : 0.7758804143056504, 3rd quartile : 1.2931340238427504