error_threshold = 0.5
prediction_horizon : 5.5169004477528825, median : 4.994827236493767
ph_min : 2.204874929775448, ph_max : 10.000489239227216
stddev : 2.164028006840825, IQR : 3.158334358867534
1st quartile : 3.7379943526905626, 3rd quartile : 6.8963287115580965