error_threshold = 0.5
prediction_horizon : 1.9067021628593768, median : 1.7389799814690878
ph_min : 0.5309035457444568, ph_max : 3.001230248392133
stddev : 0.7550378173956555, IQR : 1.354345779960349
1st quartile : 1.2676676500428865, 3rd quartile : 2.6220134300032356