prediction_horizon : 0.8195883443115354, median : 0.7500177338287954
ph_min : 0.43966556810653523, ph_max : 1.7198682517108583
stddev : 0.25986383259413787, IQR : 0.36207752667597015
1st quantile : 0.6207043314445203, 3rd quantile : 0.9827818581204905