error_threshold = 0.5
prediction_horizon : 0.360137825640206, median : 0.36207752667597015
ph_min : 0.15517608286113008, ph_max : 0.7370863935903678
stddev : 0.10827439830392556, IQR : 0.1551760828611301
1st quartile : 0.2715581450069776, 3rd quartile : 0.4267342278681077