error_threshold = 0.5
prediction_horizon : 0.7443279441238871, median : 0.6982923728750853
ph_min : 0.3750088669143977, ph_max : 1.6034861895650108
stddev : 0.24913105432510158, IQR : 0.33621484619911524
1st quartile : 0.5431162900139552, 3rd quartile : 0.8793311362130705