error_threshold = 0.5
prediction_horizon : 0.9888595880325515, median : 0.9051938166899254
ph_min : 0.43966556810653523, ph_max : 2.327641242916951
stddev : 0.36965748692998257, IQR : 0.4396655681065351
1st quartile : 0.7241550533519403, 3rd quartile : 1.1638206214584754