error_threshold = 0.5
prediction_horizon : 1.0348951592813533, median : 0.9957131983589179
ph_min : 0.5172536095371002, ph_max : 2.3405725831553785
stddev : 0.3637981788603229, IQR : 0.4784595888218175
1st quartile : 0.7500177338287954, 3rd quartile : 1.228477322650613