error_threshold = 0.5
prediction_horizon : 0.7937256638346804, median : 0.7370863935903678
ph_min : 0.29742082548383264, ph_max : 1.6164175298034382
stddev : 0.27530565225509424, IQR : 0.3750088669143977
1st quartile : 0.5689789704908103, 3rd quartile : 0.943987837405208