error_threshold = 0.5
prediction_horizon : 1.0416194562053354, median : 0.9827818581204905
ph_min : 0.5172536095371002, ph_max : 2.508680006254936
stddev : 0.3626468662335042, IQR : 0.4913909290602452
1st quartile : 0.7500177338287954, 3rd quartile : 1.2414086628890406