prediction_horizon : 0.8339421319761897, median : 0.7370863935903678
ph_min : 0.34914618643754264, ph_max : 2.2888472222016683
stddev : 0.3311508700997524, IQR : 0.3750088669143977
1st quantile : 0.6077729912060927, 3rd quantile : 0.9827818581204905