i : 8, name : attention_module, lambda_att : 0.2738460600376129
i : 13, name : attention_module_1, lambda_att : -0.06897301971912384
i : 22, name : attention_module_2, lambda_att : 0.24118350446224213
