ORIGINAL (multi-point) ERROR; error_threshold = 0.5
prediction_horizon : 1.730853906789326, median : 1.4491499845575733
ph_min : 0.29795607159127674, ph_max : 3.995320050883029
stddev : 0.9770307153506536, IQR : 1.2324546597639174
1st quartile : 0.9209551303730371, 3rd quartile : 2.1534097901369544

NEW (cumulative) ERROR; error_threshold = 0.5
prediction_horizon : 1.7024126454101585, median : 1.4220630689583662
ph_min : 0.3114995293908802, ph_max : 3.995320050883029
stddev : 0.9690786502994313, IQR : 1.218911201964314
1st quartile : 0.9074116725734337, 3rd quartile : 2.1263228745377476