error_threshold = 0.5, num_runs : 100
prediction_horizon : 2.837354409016931, median : 2.383648572730214
ph_min : 0.8938682147738302, ph_max : 7.083228429192624
stddev : 1.3218241355104325, IQR : 1.692932224950436
1st quartile : 1.9367144653432988, 3rd quartile : 3.6296466902937348