error_threshold = 0.5, num_runs : 100
prediction_horizon : 2.8855691187835193, median : 2.695148102121094
ph_min : 1.0699331661686755, ph_max : 7.381184500783901
stddev : 1.271664800143263, IQR : 1.5574976469544008
1st quartile : 2.0044317543413164, 3rd quartile : 3.5619294012957172