ORIGINAL (multi-point) ERROR; error_threshold = 0.5
prediction_horizon : 2.358322306644956, median : 2.194040163535765
ph_min : 0.5146513963849325, ph_max : 3.995320050883029
stddev : 0.9576568475654871, IQR : 1.4491499845575733
1st quartile : 1.6252149359524186, 3rd quartile : 3.074364920509992

NEW (cumulative) ERROR; error_threshold = 0.5
prediction_horizon : 2.355884484241027, median : 2.166953247936558
ph_min : 0.7042598055793814, ph_max : 3.995320050883029
stddev : 0.955057477985055, IQR : 1.4762369001567803
1st quartile : 1.5981280203532116, 3rd quartile : 3.074364920509992