ORIGINAL (multi-point) ERROR; error_threshold = 0.5
prediction_horizon : 2.697585924525023, median : 2.464909319527835
ph_min : 0.8938682147738302, ph_max : 3.995320050883029
stddev : 0.9456464319705729, IQR : 1.692932224950436
1st quartile : 1.977344838742109, 3rd quartile : 3.670277063692545

NEW (cumulative) ERROR; error_threshold = 0.5
prediction_horizon : 2.6768644340916303, median : 2.4513658617282315
ph_min : 0.8667812991746232, ph_max : 3.995320050883029
stddev : 0.9533812720573315, IQR : 1.7064756827500394
1st quartile : 1.9502579231429022, 3rd quartile : 3.6567336058929416