error_threshold = 0.5, num_runs : 100
prediction_horizon : 1.7151434957417855, median : 1.4491499845575733
ph_min : 0.4469341073869151, ph_max : 6.392512081412846
stddev : 1.0414479096371516, IQR : 1.2459981175635209
1st quartile : 0.9074116725734337, 3rd quartile : 2.1534097901369544