error_threshold = 0.5, num_runs : 100
prediction_horizon : 2.4214348199911075, median : 2.112779416738144
ph_min : 0.5146513963849325, ph_max : 4.848557892258048
stddev : 1.1301596319865002, IQR : 1.3814326955595555
1st quartile : 1.5845845625536081, 3rd quartile : 2.9660172581131636