error_threshold = 0.5, num_runs : 100
prediction_horizon : 2.523281622644126, median : 2.2346705369345754
ph_min : 0.7990640101766058, ph_max : 5.7288826492322755
stddev : 1.2060427421908932, IQR : 1.692932224950436
1st quartile : 1.530410731355194, 3rd quartile : 3.22334295630563