prediction_horizon : 1.1955024050426228, median : 1.0474385593126279
ph_min : 0.5560476302523827, ph_max : 3.013002275553609
stddev : 0.46866208154933553, IQR : 0.6336356716829477
1st quantile : 0.814674435020933, 3rd quantile : 1.4483101067038806