error_threshold = 0.5
prediction_horizon : 1.5883565214860504, median : 1.4871041274191632
ph_min : 0.6594983521598028, ph_max : 3.0000709353151818
stddev : 0.5762332171621848, IQR : 0.7758804143056504
1st quartile : 1.1379579409816205, 3rd quartile : 1.9138383552872709