error_threshold = 0.5
prediction_horizon : 1.280590623811476, median : 1.228477322650613
ph_min : 0.6077729912060927, ph_max : 2.793169491500341
stddev : 0.44587611802062616, IQR : 0.6207043314445203
1st quartile : 0.918125156928353, 3rd quartile : 1.5388294883728733