error_threshold = 0.5
prediction_horizon : 1.7713349858598002, median : 1.6810742309955757
ph_min : 0.7370863935903678, ph_max : 3.0000709353151818
stddev : 0.5942819103656722, IQR : 0.9310564971667805
1st quartile : 1.280202683604323, 3rd quartile : 2.2112591807711035