error_threshold = 0.5
prediction_horizon : 1.1881315411067193, median : 1.125026600743193
ph_min : 0.4267342278681077, ph_max : 3.0000709353151818
stddev : 0.452254208925338, IQR : 0.5301849497755278
1st quartile : 0.8405371154977879, 3rd quartile : 1.3707220652733156