error_threshold = 0.5
prediction_horizon : 1.386627613766581, median : 1.331928044558033
ph_min : 0.4138028876296802, ph_max : 2.8707575329309063
stddev : 0.5520087741488164, IQR : 0.6207043314445204
1st quartile : 0.943987837405208, 3rd quartile : 1.5646921688497284