error_threshold = 0.5
prediction_horizon : 1.7362910538136618, median : 1.5258981481344458
ph_min : 0.7370863935903678, ph_max : 3.0000709353151818
stddev : 0.5955155402497488, IQR : 0.9569191776436357
1st quartile : 1.2931340238427504, 3rd quartile : 2.250053201486386